AFPU- REFORMA;09
BC- REFORMA DO 3º PISO DA BC;08
CBMEG- REFORMA SANITÁRIOS;09
CDC- REFORMA SANITÁRIOS DO CENTRO DE CONVENÇÕES E GMU;10
CDC- REFORMAS GERAIS NO GMU;11
CEB - REFORMA E AMPLIAÇÃO (FINEP- CT-Infra);09
CEL- NOVO PRÉDIO;08
CEMEQ- BARRACÃO DE MANUTENÇÃO;08
CEMIB- NOVA REDE HIDRÁULICA;08
CEMIB- REFORMA E AMPLIAÇÃO (FINEP);08
CEPAGRI- NOVO PRÉDIO-MUDCLIM (CT-INFRA 01/07);08
CEPETRO- LAB ALTO DESEMPENHO AMBIENTE 3D VISUALIZ CIENTIF- GALILEU (EM CONJ COM FEM E FEEC);09
CEPETRO- LAB. SISTEMAS MARÍTIMOS;08
CEPETRO- TORRE FACILIDADE EXPERIMENTAL;08
CGU - CT-INFRA- OBRAS RARAS E COLEÇÕES ESPECIAIS;09
CGU - CT-INFRA- PRÉDIO TECNOLÓGICAS;09
CGU- LIEM- LAB. ENGENHARIA MOLECULAR;11
CIDDIC- REFORMA E AMPLIAÇÃO DO ANTIGO PRÉDIO DO DNI;11
CIDDIC- REFORMA PARTE ANTIGO PRÉDIO DO DNI- ÁREA ENSAIO ORQUESTRA;10
CLE- REFORMA;11
COMVEST- REFORMA SALA EB-8;10
CORI- ALTERAÇÃO DA LAYOUT DO POSTO CORI/SAE LOCALIZADO NO PRÉDIO DA BC;10
COTUCA- CONSTRUÇÃO DE NOVA GUARITA;09
COTUCA- NOVO BLOCO DE SALAS DE AULA;11
COTUCA- PROJETO DE COMBATE A INCÊNDIO;08
COTUCA- REFORÇO ESTRUTURAL PRÉDIO PRINCIPAL;09
COTUCA- REFORMA COBERTURA;10
COTUCA- REFORMA INST ELÉTRICAS PRÉDIOS DO COTUCA;09
COTUCA- REFORMA LABORATÓRIO ALIMENTOS;09
CPFLimeira- Reformulação Acessos;10
CPFLimeira- REFORMULAÇÃO ACESSOS;11
CPFLimeira- REMODELAÇÃO ALIMENTAÇÃO ELÉTRICA PLANTA FÍSICA DE LIMEIRA;09
CPFLimeira- SPDA PRÉDIOS PLANTA FÍSICA DE LIMEIRA;11
CPO- REFORMA SANITÁRIOS E ADEQUAÇÃO DO PRÉDIO CPO E INCAMP ÀS NORMAS DE ACESSIBILIDADE;10
CPQBA - REFORMULAÇÃO SISTEMA VIÁRIO;08
CPQBA- AMPLIAÇÃO DO SISTEMA VIÁRIO INTERNO;10
CPQBA- AMPLIAÇÃO LABORATÓRIO DE MICROBIOLOGIA;09
CPQBA- INTERLIG ELÉTRICA LAB FARMACOLOGIA E TOXICOLOGIA;10
CPQBA- LAB FARMACOLOGIA E TOXICOLOGIA;08
CPQBA- LABORATÓRIO RECURSOS MICROBIANOS;08
CPQBA- NOVA PORTARIA;09
CPQBA- QUIOSQUE COM SANITÁRIOS;11
CPQBA- QUIOSQUE COM SANITÁRIOS;11
CPQBA- REFORMA AUDITÓRIO;08
CPQBA- REFORMA AUDITÓRIO;08
CPQBA- REFORMA AUDITÓRIO;08
CPQBA- REFORMA AUDITÓRIO;08
CPQBA- REFORMA AUDITÓRIO;08
CPQBA- REFORMA AUDITÓRIO;08
CPQBA- REFORMA AUDITÓRIO;08
CPQBA- REFORMA AUDITÓRIO;10
CPQBA- REFORMA AUDITÓRIO;10
CPQBA- REFORMA AUDITÓRIO;10
CPQBA- REFORMA AUDITÓRIO;10
CPQBA- REFORMA AUDITÓRIO;10
CPQBA- REFORMA AUDITÓRIO;11
CPQBA- REFORMA AUDITÓRIO;11
CPQBA- REFORMA AUDITÓRIO;11
CPQBA- REFORMA AUDITÓRIO;11
CPQBA- REFORMA AUDITÓRIO;11
CPQBA- REFORMA AUDITÓRIO;11
CPQBA- REFORMA AUDITÓRIO;11
CPQBA- REFORMA AUDITÓRIO;11
CSS/CECOM- ABRIGO RESÍDUOS CECOM;09
CSS/CECOM- ABRIGO RESÍDUOS CECOM;09
CSS/CECOM- ABRIGO RESÍDUOS CECOM;09
CSS/CECOM- ABRIGO RESÍDUOS CECOM;10
CSS/CECOM- ABRIGO RESÍDUOS CECOM;10
CSS/CECOM- ABRIGO RESÍDUOS CECOM;10
CSS/CECOM- ABRIGO RESÍDUOS CECOM;11
CSS/CECOM- ABRIGO RESÍDUOS CECOM;11
CSS/CECOM- ABRIGO RESÍDUOS CECOM;11
CSS/CECOM- ABRIGO RESÍDUOS CECOM;11
CSS/CECOM- ABRIGO RESÍDUOS CECOM;11
CSS/CECOM- ABRIGO RESÍDUOS CECOM;11
CSS/CECOM- CLIMATIZAÇÃO CENTRAL MATERIAL ESTERILIZADO;08
CSS/CECOM- CLIMATIZAÇÃO CENTRAL MATERIAL ESTERILIZADO;10
CSS/CECOM- CLIMATIZAÇÃO CENTRAL MATERIAL ESTERILIZADO;10
CSS/CECOM- CLIMATIZAÇÃO CENTRAL MATERIAL ESTERILIZADO;10
CSS/CECOM- CLIMATIZAÇÃO CENTRAL MATERIAL ESTERILIZADO;11
CSS/CECOM- REFORMA E AMPLIAÇÃO;10
CSS/CECOM- REFORMA E AMPLIAÇÃO;10
CSS/CECOM- REFORMA E AMPLIAÇÃO;10
CSS/CECOM- REFORMA E AMPLIAÇÃO;10
CSS/CECOM- REFORMA E AMPLIAÇÃO;10
CSS/CECOM- REFORMA E AMPLIAÇÃO;10
CSS/CECOM- REFORMA E AMPLIAÇÃO;10
CSS/CECOM- REFORMA E AMPLIAÇÃO;10
CSS/CECOM- REFORMA E AMPLIAÇÃO;11
CT- REFORMA COBERTURA;10
CT- REFORMA COBERTURA;10
DGA- ESTACIONAMENTO DE CARROS OFICIAIS;11
DGA- ESTACIONAMENTO DE CARROS OFICIAIS;11
DGA- ESTACIONAMENTO DE CARROS OFICIAIS;
DGA- REFORMA ANTIGO BARRACÃO MARCENARIA;08
DGA- REFORMA ANTIGO BARRACÃO MARCENARIA;08
DGA- REFORMA ANTIGO BARRACÃO MARCENARIA;08
DGA- REFORMA ANTIGO BARRACÃO MARCENARIA;09
DGA- REFORMA ANTIGO BARRACÃO MARCENARIA;09
DGA- REFORMA ANTIGO BARRACÃO MARCENARIA;09
DGA- REFORMA ANTIGO BARRACÃO MARCENARIA;09
DGA- REFORMA ANTIGO BARRACÃO MARCENARIA;09
DGA- REFORMA ANTIGO BARRACÃO MARCENARIA;09
DGA- REFORMA ANTIGO BARRACÃO MARCENARIA;09
DGA- REFORMA ANTIGO BARRACÃO MARCENARIA;09
DGA- REFORMA ANTIGO BARRACÃO MARCENARIA;09
DGA- REFORMA ANTIGO BARRACÃO MARCENARIA;09
DGA- REFORMA ANTIGO BARRACÃO MARCENARIA;09
DGA- REFORMA ANTIGO BARRACÃO MARCENARIA;09
DGA- REFORMA ANTIGO BARRACÃO MARCENARIA;09
DGA- REFORMA ANTIGO BARRACÃO MARCENARIA;09
DGA- REFORMA ANTIGO BARRACÃO MARCENARIA;09
DGA- REFORMA ANTIGO BARRACÃO MARCENARIA;09
DGA- REFORMA ANTIGO BARRACÃO MARCENARIA;09
DGA- REFORMA ANTIGO BARRACÃO MARCENARIA;09
DGA- REFORMA ANTIGO BARRACÃO MARCENARIA;09
DGA- REFORMA ANTIGO BARRACÃO MARCENARIA;09
DGA- REFORMA ANTIGO BARRACÃO MARCENARIA;09
DGA- REFORMA ANTIGO BARRACÃO MARCENARIA;09
DGA- REFORMA ANTIGO BARRACÃO MARCENARIA;09
DGA- REFORMA ANTIGO BARRACÃO MARCENARIA;10
DGA- REFORMA ANTIGO BARRACÃO MARCENARIA;10
DGA- REFORMA ANTIGO BARRACÃO MARCENARIA;10
DGA- REFORMA ANTIGO BARRACÃO MARCENARIA;10
DGA- REFORMA ANTIGO BARRACÃO MARCENARIA;11
DGA- REFORMA ANTIGO BARRACÃO MARCENARIA;11
DGA- REFORMA ANTIGO BARRACÃO MARCENARIA;11
DGA- REFORMA ANTIGO BARRACÃO MARCENARIA;11
DGA- REFORMA ÁREA COORDENADORIA;08
DGA- REFORMA ÁREA COORDENADORIA;08
DGA- REFORMA ÁREA COORDENADORIA;10
DGA- REFORMA ÁREA COORDENADORIA;10
DGA- REFORMA ÁREA COORDENADORIA;10
DGA- REFORMA ÁREA COORDENADORIA;10
DGA- REFORMA ÁREA COORDENADORIA;10
DGA- REFORMA ÁREA COORDENADORIA;10
DGA- REFORMA ÁREA COORDENADORIA;10
DGA- REFORMA ÁREA COORDENADORIA;10
DGA- REFORMA ÁREA COORDENADORIA;11
DGA- REFORMA DA ASC;08
DGA- REFORMA DA ASC;08
DGA- REFORMA DA ASC;08
DGA- SANITÁRIOS E ÁREA COFFEBREAK PARA AUDITÓRIO;09
DGA- SANITÁRIOS E ÁREA COFFEBREAK PARA AUDITÓRIO;09
DGA- SANITÁRIOS E ÁREA COFFEBREAK PARA AUDITÓRIO;10
DGA- SANITÁRIOS E ÁREA COFFEBREAK PARA AUDITÓRIO;10
DGA- SANITÁRIOS E ÁREA COFFEBREAK PARA AUDITÓRIO;10
DGA- SANITÁRIOS E ÁREA COFFEBREAK PARA AUDITÓRIO;10
DGA- SANITÁRIOS E ÁREA COFFEBREAK PARA AUDITÓRIO;11
DGA- SANITÁRIOS E ÁREA COFFEBREAK PARA AUDITÓRIO;11
DGA- SANITÁRIOS E ÁREA COFFEBREAK PARA AUDITÓRIO;11
DGA- SANITÁRIOS E ÁREA COFFEBREAK PARA AUDITÓRIO;11
DGA- SANITÁRIOS E ÁREA COFFEBREAK PARA AUDITÓRIO;11
DGA- SANITÁRIOS E ÁREA COFFEBREAK PARA AUDITÓRIO;11
DGA- SANITÁRIOS E ÁREA COFFEBREAK PARA AUDITÓRIO;11
DGA- SANITÁRIOS E ÁREA COFFEBREAK PARA AUDITÓRIO;11
DGA- SANITÁRIOS E ÁREA COFFEBREAK PARA AUDITÓRIO;11
DGRH- CONSTRUÇÃO NOVA SEDE CECI-MATERNAL;08
DGRH- CONSTRUÇÃO NOVA SEDE CECI-MATERNAL;08
DGRH- CONSTRUÇÃO NOVA SEDE CECI-MATERNAL;08
DGRH- CONSTRUÇÃO NOVA SEDE CECI-MATERNAL;08
DGRH- CONSTRUÇÃO NOVA SEDE CECI-MATERNAL;08
DGRH- CONSTRUÇÃO NOVA SEDE CECI-MATERNAL;08
DGRH- CONSTRUÇÃO NOVA SEDE CECI-MATERNAL;08
DGRH- CONSTRUÇÃO NOVA SEDE CECI-MATERNAL;08
DGRH- CONSTRUÇÃO NOVA SEDE CECI-MATERNAL;08
DGRH- CONSTRUÇÃO NOVA SEDE CECI-MATERNAL;08
DGRH- CONSTRUÇÃO NOVA SEDE CECI-MATERNAL;08
DGRH- CONSTRUÇÃO NOVA SEDE CECI-MATERNAL;08
DGRH- CONSTRUÇÃO NOVA SEDE CECI-MATERNAL;08
DGRH- CONSTRUÇÃO NOVA SEDE CECI-MATERNAL;08
DGRH- CONSTRUÇÃO NOVA SEDE CECI-MATERNAL;08
DGRH- CONSTRUÇÃO NOVA SEDE CECI-MATERNAL;08
DGRH- CONSTRUÇÃO NOVA SEDE CECI-MATERNAL;09
DGRH- CONSTRUÇÃO NOVA SEDE CECI-MATERNAL;09
DGRH- CONSTRUÇÃO NOVA SEDE CECI-MATERNAL;09
DGRH- CONSTRUÇÃO NOVA SEDE CECI-MATERNAL;09
DGRH- CONSTRUÇÃO NOVA SEDE CECI-MATERNAL;09
DGRH- CONSTRUÇÃO NOVA SEDE CECI-MATERNAL;09
DGRH- CONSTRUÇÃO NOVA SEDE CECI-MATERNAL;10
DGRH- CONSTRUÇÃO NOVA SEDE CECI-MATERNAL;10
DGRH- CONSTRUÇÃO NOVA SEDE CECI-MATERNAL;11
DGRH- CONSTRUÇÃO NOVA SEDE CECI-MATERNAL;11
DGRH- CONSTRUÇÃO NOVA SEDE CECI-MATERNAL;11
DGRH- INTERLIGAÇÃO PRÉDIOS REITORIA III E IV;11
DGRH- INTERLIGAÇÃO PRÉDIOS REITORIA III E IV;11
EDITORA- NOVA LIVRARIA;09
EDITORA- NOVA LIVRARIA;10
EDITORA- NOVA LIVRARIA;10
EDITORA- NOVA LIVRARIA;10
EDITORA- NOVA LIVRARIA;10
EDITORA- NOVA LIVRARIA;10
EDITORA- NOVA LIVRARIA;10
EDITORA- NOVA LIVRARIA;10
EDITORA- NOVA LIVRARIA;11
EDITORA- NOVA LIVRARIA;11
EDITORA- NOVA LIVRARIA;11
EDITORA- NOVA LIVRARIA;11
EDITORA- NOVA LIVRARIA;11
EDITORA- NOVA LIVRARIA;11
EDITORA- NOVA LIVRARIA;11
EDITORA- NOVA LIVRARIA;11
EDITORA- NOVA LIVRARIA;11
EDITORA- NOVA LIVRARIA;11
EDITORA- NOVA LIVRARIA;11
EDITORA- NOVA SEDE;09
EDITORA- NOVA SEDE;09
EDITORA- NOVA SEDE;09
EDITORA- NOVA SEDE;09
EDITORA- NOVA SEDE;10
EDITORA- NOVA SEDE;10
EDITORA- NOVA SEDE;10
EDITORA- NOVA SEDE;10
EDITORA- NOVA SEDE;10
EDITORA- NOVA SEDE;10
EDITORA- NOVA SEDE;10
EDITORA- NOVA SEDE;11
EDITORA- NOVA SEDE;11
EDITORA- NOVA SEDE;11
EDITORA- NOVA SEDE;11
EDITORA- NOVA SEDE;11
EDITORA- NOVA SEDE;11
EDITORA- NOVA SEDE;11
EDITORA- NOVA SEDE;11
EDITORA- NOVA SEDE;11
EDITORA- NOVA SEDE;11
EDITORA- NOVO DEPÓSITO;08
EDITORA- NOVO DEPÓSITO;08
EDITORA- NOVO DEPÓSITO;08
EDITORA- NOVO DEPÓSITO;08
EDITORA- NOVO DEPÓSITO;08
EDITORA- NOVO DEPÓSITO;08
EDITORA- NOVO DEPÓSITO;08
EDITORA- NOVO DEPÓSITO;08
EDITORA- NOVO DEPÓSITO;08
EDITORA- NOVO DEPÓSITO;08
EDITORA- NOVO DEPÓSITO;08
EDITORA- NOVO DEPÓSITO;08
EDITORA- NOVO DEPÓSITO;08
EDITORA- NOVO DEPÓSITO;08
EDITORA- NOVO DEPÓSITO;08
EDITORA- NOVO DEPÓSITO;08
EDITORA- NOVO DEPÓSITO;08
EDITORA- NOVO DEPÓSITO;08
EDITORA- NOVO DEPÓSITO;08
EDITORA- NOVO DEPÓSITO;09
EDITORA- NOVO DEPÓSITO;09
EDITORA- NOVO DEPÓSITO;09
EDITORA- NOVO DEPÓSITO;09
EDITORA- NOVO DEPÓSITO;09
EDITORA- NOVO DEPÓSITO;09
EDITORA- NOVO DEPÓSITO;09
EDITORA- NOVO DEPÓSITO;09
EDITORA- NOVO DEPÓSITO;09
EDITORA- NOVO DEPÓSITO;09
EDITORA- NOVO DEPÓSITO;09
EDITORA- NOVO DEPÓSITO;09
EDITORA- NOVO DEPÓSITO;09
EDITORA- NOVO DEPÓSITO;09
EDITORA- NOVO DEPÓSITO;09
EDITORA- NOVO DEPÓSITO;10
EDITORA- NOVO DEPÓSITO;10
EDITORA- NOVO DEPÓSITO;10
EDITORA- NOVO DEPÓSITO;10
EDITORA- NOVO DEPÓSITO;10
EDITORA- NOVO DEPÓSITO;10
EDITORA- NOVO DEPÓSITO;10
EDITORA- NOVO DEPÓSITO;10
EDITORA- NOVO DEPÓSITO;11
EDITORA- NOVO DEPÓSITO;11
EDITORA- NOVO DEPÓSITO;11
EDITORA- NOVO DEPÓSITO;11
EDITORA- NOVO DEPÓSITO;11
EDITORA- NOVO DEPÓSITO;11
EDITORA- NOVO DEPÓSITO;11
EDITORA- NOVO DEPÓSITO;11
EDITORA- NOVO DEPÓSITO;11
EDITORA- NOVO DEPÓSITO- READEQUAÇÃO PROJETO FUNDAÇÕES;09
EDITORA- NOVO DEPÓSITO- READEQUAÇÃO PROJETO FUNDAÇÕES;09
EDITORA- NOVO DEPÓSITO- READEQUAÇÃO PROJETO FUNDAÇÕES;09
EDITORA- NOVO DEPÓSITO- READEQUAÇÃO PROJETO FUNDAÇÕES;09
EDITORA- NOVO DEPÓSITO- READEQUAÇÃO PROJETO FUNDAÇÕES;09
EDITORA- NOVO DEPÓSITO- READEQUAÇÃO PROJETO FUNDAÇÕES;10
EDITORA- NOVO DEPÓSITO- READEQUAÇÃO PROJETO FUNDAÇÕES;10
EDITORA- NOVO DEPÓSITO- READEQUAÇÃO PROJETO FUNDAÇÕES;10
EDITORA- NOVO DEPÓSITO- READEQUAÇÃO PROJETO FUNDAÇÕES;10
EDITORA- NOVO DEPÓSITO- READEQUAÇÃO PROJETO FUNDAÇÕES;10
EDITORA- NOVO DEPÓSITO- READEQUAÇÃO PROJETO FUNDAÇÕES;10
EDITORA- NOVO DEPÓSITO- READEQUAÇÃO PROJETO FUNDAÇÕES;10
FCA- ALTERAÇÃO PROJ RESTAURANTE CAMPUS 2;09
FCA- ALTERAÇÃO PROJ RESTAURANTE CAMPUS 2;09
FCA- ALTERAÇÃO PROJ RESTAURANTE CAMPUS 2;09
FCA- ALTERAÇÃO PROJ RESTAURANTE CAMPUS 2;09
FCA- ALTERAÇÃO PROJ RESTAURANTE CAMPUS 2;09
FCA- ALTERAÇÃO PROJ RESTAURANTE CAMPUS 2;09
FCA- ALTERAÇÃO PROJ RESTAURANTE CAMPUS 2;09
FCA- ALTERAÇÃO PROJ RESTAURANTE CAMPUS 2;09
FCA- ALTERAÇÃO PROJ RESTAURANTE CAMPUS 2;09
FCA- ALTERAÇÃO PROJ RESTAURANTE CAMPUS 2;09
FCA- ALTERAÇÃO PROJ RESTAURANTE CAMPUS 2;09
FCA- ALTERAÇÃO PROJ RESTAURANTE CAMPUS 2;09
FCA- ALTERAÇÃO PROJ RESTAURANTE CAMPUS 2;09
FCA- ALTERAÇÃO PROJ RESTAURANTE CAMPUS 2;09
FCA- ALTERAÇÃO PROJ RESTAURANTE CAMPUS 2;09
FCA- ALTERAÇÃO PROJ RESTAURANTE CAMPUS 2;09
FCA- ALTERAÇÃO PROJ RESTAURANTE CAMPUS 2;09
FCA- ALTERAÇÃO PROJ RESTAURANTE CAMPUS 2;09
FCA- ALTERAÇÃO PROJ RESTAURANTE CAMPUS 2;09
FCA- ALTERAÇÃO PROJ RESTAURANTE CAMPUS 2;09
FCA- ALTERAÇÃO PROJ RESTAURANTE CAMPUS 2;09
FCA- ALTERAÇÃO PROJ RESTAURANTE CAMPUS 2;10
FCA- ALTERAÇÃO PROJ RESTAURANTE CAMPUS 2;10
FCA- ALTERAÇÃO PROJ RESTAURANTE CAMPUS 2;10
FCA- ALTERAÇÃO PROJ RESTAURANTE CAMPUS 2;10
FCA- ALTERAÇÃO PROJ RESTAURANTE CAMPUS 2;10
FCA- ALTERAÇÃO PROJ RESTAURANTE CAMPUS 2;10
FCA- ALTERAÇÃO PROJ RESTAURANTE CAMPUS 2;10
FCA- ALTERAÇÃO PROJ RESTAURANTE CAMPUS 2;10
FCA- ALTERAÇÃO PROJ RESTAURANTE CAMPUS 2;10
FCA- ALTERAÇÃO PROJ RESTAURANTE CAMPUS 2;10
FCA- ALTERAÇÃO PROJ RESTAURANTE CAMPUS 2;11
FCA- CENTRO ESPORTIVO CAMPUS 2;10
FCA- CONSTRUÇÃO DE 4 QUADRAS ESPORTIVAS;10
FCA- CONSTRUÇÃO DE 4 QUADRAS ESPORTIVAS;10
FCA- CONSTRUÇÃO DE 4 QUADRAS ESPORTIVAS;10
FCA- CONSTRUÇÃO DE 4 QUADRAS ESPORTIVAS;10
FCA- CONSTRUÇÃO DE 4 QUADRAS ESPORTIVAS;10
FCA- CONSTRUÇÃO DE 4 QUADRAS ESPORTIVAS;10
FCA- DESMONTAGEM E MONTAGEM FORRO GESSO PRÉDIO ENSINO 1- CONTRAT EMERGENCIAL;11
FCA- DESMONTAGEM E MONTAGEM FORRO GESSO PRÉDIO ENSINO 1- CONTRAT EMERGENCIAL;11
FCA- DESMONTAGEM E MONTAGEM FORRO GESSO PRÉDIO ENSINO 1- CONTRAT EMERGENCIAL;11
FCA- DESMONTAGEM E MONTAGEM FORRO GESSO PRÉDIO ENSINO 1- CONTRAT EMERGENCIAL;11
FCA- DESMONTAGEM E MONTAGEM FORRO GESSO PRÉDIO ENSINO 1- CONTRAT EMERGENCIAL;11
FCA- DESMONTAGEM E MONTAGEM FORRO GESSO PRÉDIO ENSINO 1- CONTRAT EMERGENCIAL;11
FCA- ENSINO 2 CAMPUS 2;08
FCA- ENSINO 2 CAMPUS 2;08
FCA- ENSINO 2 CAMPUS 2;08
FCA- ENSINO 2 CAMPUS 2;08
FCA- ENSINO 2 CAMPUS 2;08
FCA- ENSINO 2 CAMPUS 2;08
FCA- ENSINO 2 CAMPUS 2;08
FCA- ENSINO 2 CAMPUS 2;08
FCA- ENSINO 2 CAMPUS 2;08
FCA- ENSINO 2 CAMPUS 2;08
FCA- ENSINO 2 CAMPUS 2;08
FCA- ENSINO 2 CAMPUS 2;09
FCA- ENSINO 2 CAMPUS 2;10
FCA- ENSINO 2 CAMPUS 2;10
FCA- ENSINO 2 CAMPUS 2;10
FCA- ENSINO 2 CAMPUS 2;10
FCA- ENSINO 2 CAMPUS 2;10
FCA- ENSINO 2 CAMPUS 2;10
FCA- ENSINO 2 CAMPUS 2;10
FCA- ENSINO 2 CAMPUS 2;10
FCA- ENSINO 2 CAMPUS 2;10
FCA- ENSINO 2 CAMPUS 2;10
FCA- ENSINO 2 CAMPUS 2;10
FCA- ENSINO 2 CAMPUS 2;11
FCA- ENSINO 2 CAMPUS 2;11
FCA- ENSINO 2 CAMPUS 2;11
FCA- ENSINO 2 CAMPUS 2;11
FCA- ENSINO 2 CAMPUS 2;11
FCA- ENSINO 2 CAMPUS 2;11
FCA- ENSINO 2 CAMPUS 2;11
FCA- ENSINO 2 CAMPUS 2;11
FCA- ENSINO 2 CAMPUS 2;11
FCA- ENSINO 2 CAMPUS 2;11
FCA- ILUMINAÇÃO PÚBLICA CAMPUS 2;08
FCA- ILUMINAÇÃO PÚBLICA CAMPUS 2;08
FCA- ILUMINAÇÃO PÚBLICA CAMPUS 2;08
FCA- ILUMINAÇÃO PÚBLICA CAMPUS 2;08
FCA- ILUMINAÇÃO PÚBLICA CAMPUS 2;08
FCA- ILUMINAÇÃO PÚBLICA CAMPUS 2;08
FCA- ILUMINAÇÃO PÚBLICA CAMPUS 2;08
FCA- ILUMINAÇÃO PÚBLICA CAMPUS 2;08
FCA- ILUMINAÇÃO PÚBLICA CAMPUS 2;08
FCA- ILUMINAÇÃO PÚBLICA CAMPUS 2;10
FCA- ILUMINAÇÃO PÚBLICA CAMPUS 2;10
FCA- ILUMINAÇÃO PÚBLICA CAMPUS 2;10
FCA- ILUMINAÇÃO PÚBLICA CAMPUS 2;10
FCA- ILUMINAÇÃO PÚBLICA CAMPUS 2;10
FCA- ILUMINAÇÃO PÚBLICA CAMPUS 2;10
FCA- ILUMINAÇÃO PÚBLICA CAMPUS 2;11
FCA- ILUMINAÇÃO PÚBLICA CAMPUS 2;11
FCA- ILUMINAÇÃO PÚBLICA CAMPUS 2;11
FCA- ILUMINAÇÃO PÚBLICA CAMPUS 2;11
FCA- ILUMINAÇÃO PÚBLICA CAMPUS 2;11
FCA- INFRAESTRUTURA ELÉTRICA;10
FCA- INFRAESTRUTURA ELÉTRICA;10
FCA- INFRAESTRUTURA ELÉTRICA;10
FCA- INFRAESTRUTURA ELÉTRICA;11
FCA- INFRAESTRUTURA ELÉTRICA;11
FCA- INFRAESTRUTURA ELÉTRICA;11
FCA- INFRAESTRUTURA ELÉTRICA;11
FCA- INFRAESTRUTURA ELÉTRICA;11
FCA- INFRAESTRUTURA SETOR NORTE;10
FCA- INFRAESTRUTURA SETOR NORTE;10
FCA- INFRAESTRUTURA SETOR NORTE;11
FCA- INFRAESTRUTURA SETOR NORTE;11
FCA- INFRAESTRUTURA SETOR NORTE;11
FCA- INFRAESTRUTURA SETOR NORTE;11
FCA- INFRAESTRUTURA SETOR NORTE;11
FCA- INFRAESTRUTURA SETOR NORTE;11
FCA- INFRAESTRUTURA SETOR NORTE;11
FCA- INFRAESTRUTURA SETOR NORTE;11
FCA- INFRAESTRUTURA SETOR NORTE;11
FCA- INFRAESTRUTURA SETOR NORTE;11
FCA- INFRAESTRUTURA SETOR NORTE;11
FCA- INFRAESTRUTURA SETOR SUL;08
FCA- INFRAESTRUTURA SETOR SUL;10
FCA- INFRAESTRUTURA SETOR SUL;10
FCA- INFRAESTRUTURA SETOR SUL;11
FCA- INFRAESTRUTURA SETOR SUL;11
FCA- INFRAESTRUTURA SETOR SUL;11
FCA- NOVA URBANIZAÇÃO REGIÃO SUL CAMPUS 2;09
FCA- PAISAGISMO CAMPUS 2;08
FCA- PAISAGISMO CAMPUS 2;09
FCA- PLANTIO DE GRAMA;10
FCA- PLANTIO DE GRAMA;10
FCA- PLANTIO DE GRAMA;10
FCA- PLANTIO DE GRAMA;11
FCA- PLANTIO DE GRAMA;11
FCA- PORTARIA PEDESTRES CAMPUS 2;08
FCA- PORTARIA PEDESTRES CAMPUS 2;08
FCA- PORTARIA PEDESTRES CAMPUS 2;08
FCA- PORTARIA PEDESTRES CAMPUS 2;08
FCA- PORTARIA PEDESTRES CAMPUS 2;08
FCA- PORTARIA PEDESTRES CAMPUS 2;08
FCA- PORTARIA PEDESTRES CAMPUS 2;08
FCA- PORTARIA PEDESTRES CAMPUS 2;08
FCA- PORTARIA PEDESTRES CAMPUS 2;08
FCA- PORTARIA PEDESTRES CAMPUS 2;08
FCA- PORTARIA PEDESTRES CAMPUS 2;09
FCA- PORTARIA PEDESTRES CAMPUS 2;09
FCA- PORTARIA PEDESTRES CAMPUS 2;09
FCA- PORTARIA PEDESTRES CAMPUS 2;11
FCA- PORTARIA PEDESTRES CAMPUS 2;11
FCA- PORTARIA PEDESTRES CAMPUS 2;11
FCA- PORTARIA PEDESTRES CAMPUS 2;11
FCA- PORTARIA PEDESTRES CAMPUS 2;11
FCA- PORTARIA PEDESTRES CAMPUS 2;11
FCA- PORTARIA PROVISÓRIA DE PEDESTRES E VEÍCULOS;10
FCA- PORTARIA PROVISÓRIA DE PEDESTRES E VEÍCULOS;10
FCA- PORTARIA PROVISÓRIA DE PEDESTRES E VEÍCULOS;10
FCA- PORTARIA PROVISÓRIA DE PEDESTRES E VEÍCULOS;11
FCA- PORTARIA PROVISÓRIA DE PEDESTRES E VEÍCULOS;11
FCA- PORTARIA PROVISÓRIA DE PEDESTRES E VEÍCULOS;11
FCA- PORTARIA PROVISÓRIA DE PEDESTRES E VEÍCULOS;11
FCA- PORTARIA PROVISÓRIA DE PEDESTRES E VEÍCULOS;11
FCA- PORTARIA PROVISÓRIA DE PEDESTRES E VEÍCULOS;11
FCA- PORTARIA PROVISÓRIA DE PEDESTRES E VEÍCULOS;11
FCA- PORTARIA PROVISÓRIA DE PEDESTRES E VEÍCULOS;11
FCA- PORTARIA PROVISÓRIA DE PEDESTRES E VEÍCULOS;11
FCA- PORTARIA PROVISÓRIA DE PEDESTRES E VEÍCULOS;11
FCA- PORTARIA PROVISÓRIA DE PEDESTRES E VEÍCULOS;11
FCA- PORTARIA PROVISÓRIA DE PEDESTRES E VEÍCULOS;11
FCA- PORTARIA PROVISÓRIA DE PEDESTRES E VEÍCULOS;11
FCA- PORTARIAS PEDESTRES E VEÍCULOS CAMPUS 2;09
FCA- PORTARIAS PEDESTRES E VEÍCULOS CAMPUS 2;09
FCA- PORTARIAS PEDESTRES E VEÍCULOS CAMPUS 2;09
FCA- PORTARIAS PEDESTRES E VEÍCULOS CAMPUS 2;09
FCA- PORTARIAS PEDESTRES E VEÍCULOS CAMPUS 2;09
FCA- PORTARIAS PEDESTRES E VEÍCULOS CAMPUS 2;10
FCA- PORTARIAS PEDESTRES E VEÍCULOS CAMPUS 2;10
FCA- PORTARIAS PEDESTRES E VEÍCULOS CAMPUS 2;10
FCA- PORTARIAS PEDESTRES E VEÍCULOS CAMPUS 2;10
FCA- PORTARIAS PEDESTRES E VEÍCULOS CAMPUS 2;10
FCA- PORTARIAS PEDESTRES E VEÍCULOS CAMPUS 2;10
FCA- PORTARIAS PEDESTRES E VEÍCULOS CAMPUS 2;10
FCA- PORTARIAS PEDESTRES E VEÍCULOS CAMPUS 2;10
FCA- PORTARIAS PEDESTRES E VEÍCULOS CAMPUS 2;10
FCA- PORTARIAS PEDESTRES E VEÍCULOS CAMPUS 2;10
FCA- PORTARIAS PEDESTRES E VEÍCULOS CAMPUS 2;10
FCA- PORTARIAS PEDESTRES E VEÍCULOS CAMPUS 2;10
FCA- PORTARIAS PEDESTRES E VEÍCULOS CAMPUS 2;10
FCA- PORTARIAS PEDESTRES E VEÍCULOS CAMPUS 2;10
FCA- PORTARIAS PEDESTRES E VEÍCULOS CAMPUS 2;10
FCA- PORTARIAS PEDESTRES E VEÍCULOS CAMPUS 2;10
FCA- PORTARIAS PEDESTRES E VEÍCULOS CAMPUS 2;10
FCA- PORTARIAS PEDESTRES E VEÍCULOS CAMPUS 2;10
FCA- PORTARIAS PEDESTRES E VEÍCULOS CAMPUS 2;10
FCA- PORTARIAS PEDESTRES E VEÍCULOS CAMPUS 2;10
FCA- PORTARIAS PEDESTRES E VEÍCULOS CAMPUS 2;10
FCA- PORTARIAS PEDESTRES E VEÍCULOS CAMPUS 2;10
FCA- PORTARIAS PEDESTRES E VEÍCULOS CAMPUS 2;10
FCA- PORTARIAS PEDESTRES E VEÍCULOS CAMPUS 2;11
FCA- PORTARIAS PEDESTRES E VEÍCULOS CAMPUS 2;11
FCA- PRAÇA DAS BANDEIRAS CAMPUS 2;08
FCA- PRAÇA DAS BANDEIRAS CAMPUS 2;10
FCA- PRAÇA DAS BANDEIRAS CAMPUS 2;10
FCA- PRAÇA DAS BANDEIRAS CAMPUS 2;10
FCA- PRÉDIO ADMINISTR CAMPUS 2;08
FCA- PRÉDIO ADMINISTR CAMPUS 2;10
FCA- PRÉDIOS DOS LABORATÓRIOS 1 E 2 CAMPUS 2;08
FCA- PRÉDIOS DOS LABORATÓRIOS 1 E 2 CAMPUS 2;08
FCA- PRÉDIOS DOS LABORATÓRIOS 1 E 2 CAMPUS 2;08
FCA- PRÉDIOS DOS LABORATÓRIOS 1 E 2 CAMPUS 2;08
FCA- PRÉDIOS DOS LABORATÓRIOS 1 E 2 CAMPUS 2;08
FCA- PRÉDIOS DOS LABORATÓRIOS 1 E 2 CAMPUS 2;08
FCA- PRÉDIOS DOS LABORATÓRIOS 1 E 2 CAMPUS 2;08
FCA- PRÉDIOS DOS LABORATÓRIOS 1 E 2 CAMPUS 2;08
FCA- PRÉDIOS DOS LABORATÓRIOS 1 E 2 CAMPUS 2;08
FCA- PRÉDIOS DOS LABORATÓRIOS 1 E 2 CAMPUS 2;08
FCA- PRÉDIOS DOS LABORATÓRIOS 1 E 2 CAMPUS 2;08
FCA- PRÉDIOS DOS LABORATÓRIOS 1 E 2 CAMPUS 2;08
FCA- PRÉDIOS DOS LABORATÓRIOS 1 E 2 CAMPUS 2;08
FCA- PRÉDIOS DOS LABORATÓRIOS 1 E 2 CAMPUS 2;08
FCA- PRÉDIOS DOS LABORATÓRIOS 1 E 2 CAMPUS 2;08
FCA- PRÉDIOS DOS LABORATÓRIOS 1 E 2 CAMPUS 2;08
FCA- PRÉDIOS DOS LABORATÓRIOS 1 E 2 CAMPUS 2;08
FCA- PRÉDIOS DOS LABORATÓRIOS 1 E 2 CAMPUS 2;08
FCA- PRÉDIOS DOS LABORATÓRIOS 1 E 2 CAMPUS 2;08
FCA- PRÉDIOS DOS LABORATÓRIOS 1 E 2 CAMPUS 2;08
FCA- PRÉDIOS DOS LABORATÓRIOS 1 E 2 CAMPUS 2;08
FCA- PRÉDIOS DOS LABORATÓRIOS 1 E 2 CAMPUS 2;08
FCA- PRÉDIOS DOS LABORATÓRIOS 1 E 2 CAMPUS 2;08
FCA- PRÉDIOS DOS LABORATÓRIOS 1 E 2 CAMPUS 2;08
FCA- PRÉDIOS DOS LABORATÓRIOS 1 E 2 CAMPUS 2;08
FCA- PRÉDIOS DOS LABORATÓRIOS 1 E 2 CAMPUS 2;08
FCA- PRÉDIOS DOS LABORATÓRIOS 1 E 2 CAMPUS 2;08
FCA- PRÉDIOS DOS LABORATÓRIOS 1 E 2 CAMPUS 2;08
FCA- PRÉDIOS DOS LABORATÓRIOS 1 E 2 CAMPUS 2;08
FCA- PRÉDIOS DOS LABORATÓRIOS 1 E 2 CAMPUS 2;08
FCA- PRÉDIOS DOS LABORATÓRIOS 1 E 2 CAMPUS 2;08
FCA- PRÉDIOS DOS LABORATÓRIOS 1 E 2 CAMPUS 2;09
FCA- PRÉDIOS DOS LABORATÓRIOS 1 E 2 CAMPUS 2;09
FCA- PRÉDIOS DOS LABORATÓRIOS 1 E 2 CAMPUS 2;09
FCA- PRÉDIOS DOS LABORATÓRIOS 1 E 2 CAMPUS 2;09
FCA- PRÉDIOS DOS LABORATÓRIOS 1 E 2 CAMPUS 2;09
FCA- PRÉDIOS DOS LABORATÓRIOS 1 E 2 CAMPUS 2;09
FCA- PRÉDIOS DOS LABORATÓRIOS 1 E 2 CAMPUS 2;09
FCA- PRÉDIOS DOS LABORATÓRIOS 1 E 2 CAMPUS 2;09
FCA- PRÉDIOS DOS LABORATÓRIOS 1 E 2 CAMPUS 2;09
FCA- PRÉDIOS DOS LABORATÓRIOS 1 E 2 CAMPUS 2;09
FCA- PRÉDIOS DOS LABORATÓRIOS 1 E 2 CAMPUS 2;09
FCA- PRÉDIOS DOS LABORATÓRIOS 1 E 2 CAMPUS 2;09
FCA- PRÉDIOS DOS LABORATÓRIOS 1 E 2 CAMPUS 2;09
FCA- PRÉDIOS DOS LABORATÓRIOS 1 E 2 CAMPUS 2;09
FCA- PRÉDIOS DOS LABORATÓRIOS 1 E 2 CAMPUS 2;09
FCA- PRÉDIOS DOS LABORATÓRIOS 1 E 2 CAMPUS 2;09
FCA- PRÉDIOS DOS LABORATÓRIOS 1 E 2 CAMPUS 2;09
FCA- PRÉDIOS DOS LABORATÓRIOS 1 E 2 CAMPUS 2;09
FCA- PRÉDIOS DOS LABORATÓRIOS 1 E 2 CAMPUS 2;09
FCA- PRÉDIOS DOS LABORATÓRIOS 1 E 2 CAMPUS 2;09
FCA- PRÉDIOS DOS LABORATÓRIOS 1 E 2 CAMPUS 2;10
FCA- PRÉDIOS DOS LABORATÓRIOS 1 E 2 CAMPUS 2;10
FCA- PRÉDIOS DOS LABORATÓRIOS 1 E 2 CAMPUS 2;10
FCA- PRÉDIOS DOS LABORATÓRIOS 1 E 2 CAMPUS 2;10
FCA- PRÉDIOS DOS LABORATÓRIOS 1 E 2 CAMPUS 2;10
FCA- PRÉDIOS DOS LABORATÓRIOS 1 E 2 CAMPUS 2;10
FCA- PRÉDIOS DOS LABORATÓRIOS 1 E 2 CAMPUS 2;10
FCA- PRÉDIOS DOS LABORATÓRIOS 1 E 2 CAMPUS 2;10
FCA- PRÉDIOS DOS LABORATÓRIOS 1 E 2 CAMPUS 2;10
FCA- PRÉDIOS DOS LABORATÓRIOS 1 E 2 CAMPUS 2;10
FCA- PRÉDIOS DOS LABORATÓRIOS 1 E 2 CAMPUS 2;10
FCA- PRÉDIOS DOS LABORATÓRIOS 1 E 2 CAMPUS 2;10
FCA- PRÉDIOS DOS LABORATÓRIOS 1 E 2 CAMPUS 2;10
FCA- PRÉDIOS DOS LABORATÓRIOS 1 E 2 CAMPUS 2;10
FCA- PRÉDIOS DOS LABORATÓRIOS 1 E 2 CAMPUS 2;10
FCA- PRÉDIOS DOS LABORATÓRIOS 1 E 2 CAMPUS 2;10
FCA- PRÉDIOS DOS LABORATÓRIOS 1 E 2 CAMPUS 2;10
FCA- PRÉDIOS DOS LABORATÓRIOS 1 E 2 CAMPUS 2;11
FCA- PRÉDIOS DOS LABORATÓRIOS 1 E 2 CAMPUS 2;11
FCA- PRÉDIOS DOS LABORATÓRIOS 1 E 2 CAMPUS 2;11
FCA- PRÉDIOS DOS LABORATÓRIOS 1 E 2 CAMPUS 2;11
FCA- PRÉDIOS DOS LABORATÓRIOS 1 E 2 CAMPUS 2;11
FCA- PRÉDIOS DOS LABORATÓRIOS 1 E 2 CAMPUS 2;11
FCA- PRÉDIOS DOS LABORATÓRIOS 1 E 2 CAMPUS 2;11
FCA- PRÉDIOS DOS LABORATÓRIOS 1 E 2 CAMPUS 2;11
FCA- PRÉDIOS DOS LABORATÓRIOS 1 E 2 CAMPUS 2;11
FCA- PRÉDIOS DOS LABORATÓRIOS 1 E 2 CAMPUS 2;11
FCA- PRÉDIOS DOS LABORATÓRIOS 1 E 2 CAMPUS 2;11
FCA- PRÉDIOS DOS LABORATÓRIOS 1 E 2 CAMPUS 2;11
FCA- PRÉDIOS DOS LABORATÓRIOS 1 E 2 CAMPUS 2;11
FCA- PRÉDIOS DOS LABORATÓRIOS 1 E 2 CAMPUS 2;11
FCA- REFAZIMENTO IMPERMEABILIZAÇÃO ENSINO 1- CONTRATAÇÃO EMERGENCIAL;11
FCA- REFAZIMENTO IMPERMEABILIZAÇÃO ENSINO 1- CONTRATAÇÃO EMERGENCIAL;11
FCA- REFAZIMENTO IMPERMEABILIZAÇÃO ENSINO 1- CONTRATAÇÃO EMERGENCIAL;11
FCA- REFAZIMENTO IMPERMEABILIZAÇÃO ENSINO 1- CONTRATAÇÃO EMERGENCIAL;11
FCA- RESTAURANTE CAMPUS 2;08
FCA- RESTAURANTE CAMPUS 2;08
FCA- RESTAURANTE CAMPUS 2;08
FCA- RESTAURANTE CAMPUS 2;08
FCA- RESTAURANTE CAMPUS 2;08
FCA- RESTAURANTE CAMPUS 2;08
FCA- RESTAURANTE CAMPUS 2;08
FCA- RESTAURANTE CAMPUS 2;08
FCA- RESTAURANTE CAMPUS 2;08
FCA- RESTAURANTE CAMPUS 2;08
FCA- RESTAURANTE CAMPUS 2;08
FCA- RESTAURANTE CAMPUS 2;08
FCA- RESTAURANTE CAMPUS 2;08
FCA- RESTAURANTE CAMPUS 2;08
FCA- RESTAURANTE CAMPUS 2;08
FCA- RESTAURANTE CAMPUS 2;08
FCA- RESTAURANTE CAMPUS 2;08
FCA- RESTAURANTE CAMPUS 2;08
FCA- RESTAURANTE CAMPUS 2;09
FCA- RESTAURANTE CAMPUS 2;09
FCA- RESTAURANTE CAMPUS 2;09
FCA- RESTAURANTE CAMPUS 2;09
FCA- RESTAURANTE CAMPUS 2;09
FCA- RESTAURANTE CAMPUS 2;10
FCA- RESTAURANTE CAMPUS 2;10
FCA- RESTAURANTE CAMPUS 2;10
FCA- RESTAURANTE CAMPUS 2;10
FCA- RESTAURANTE CAMPUS 2;10
FCA- RESTAURANTE CAMPUS 2;10
FCA- RESTAURANTE CAMPUS 2;10
FCA- RESTAURANTE CAMPUS 2;10
FCA- RESTAURANTE CAMPUS 2;10
FCA- RESTAURANTE CAMPUS 2;10
FCA- RESTAURANTE CAMPUS 2;11
FCA- RESTAURANTE CAMPUS 2;11
FCA- RESTAURANTE CAMPUS 2;11
FCA- RESTAURANTE CAMPUS 2;11
FCA- RESTAURANTE CAMPUS 2;11
FCA- RESTAURANTE CAMPUS 2;11
FCA- RESTAURANTE CAMPUS 2;11
FCA- RESTAURANTE CAMPUS 2;11
FCA- RESTAURANTE CAMPUS 2;11
FCA- RESTAURANTE CAMPUS 2;11
FCA- RESTAURANTE CAMPUS 2;11
FCA- URBANIZAÇÃO ENTORNO RESTAURANTE CAMPUS 2;09
FCA- URBANIZAÇÃO ENTORNO RESTAURANTE CAMPUS 2;09
FCA- URBANIZAÇÃO ENTORNO RESTAURANTE CAMPUS 2;09
FCA- URBANIZAÇÃO ENTORNO RESTAURANTE CAMPUS 2;09
FCA- URBANIZAÇÃO ENTORNO RESTAURANTE CAMPUS 2;09
FCA- URBANIZAÇÃO ENTORNO RESTAURANTE CAMPUS 2;09
FCA- URBANIZAÇÃO ENTORNO RESTAURANTE CAMPUS 2;09
FCA- URBANIZAÇÃO ENTORNO RESTAURANTE CAMPUS 2;09
FCA- URBANIZAÇÃO ENTORNO RESTAURANTE CAMPUS 2;09
FCA- URBANIZAÇÃO ENTORNO RESTAURANTE CAMPUS 2;09
FCA- URBANIZAÇÃO ENTORNO RESTAURANTE CAMPUS 2;09
FCA- URBANIZAÇÃO ENTORNO RESTAURANTE CAMPUS 2;10
FCA- URBANIZAÇÃO ENTORNO RESTAURANTE CAMPUS 2;10
FCA- URBANIZAÇÃO ENTORNO RESTAURANTE CAMPUS 2;10
FCA- URBANIZAÇÃO ENTORNO RESTAURANTE CAMPUS 2;10
FCA- URBANIZAÇÃO ENTORNO RESTAURANTE CAMPUS 2;10
FCA- URBANIZAÇÃO ENTORNO RESTAURANTE CAMPUS 2;10
FCA- URBANIZAÇÃO ENTORNO RESTAURANTE CAMPUS 2;10
FCA- URBANIZAÇÃO ENTORNO RESTAURANTE CAMPUS 2;10
FCA- URBANIZAÇÃO ENTORNO RESTAURANTE CAMPUS 2;10
FCA- URBANIZAÇÃO ENTORNO RESTAURANTE CAMPUS 2;10
FCA- URBANIZAÇÃO ENTORNO RESTAURANTE CAMPUS 2;10
FCA- URBANIZAÇÃO ENTORNO RESTAURANTE CAMPUS 2;10
FCA- URBANIZAÇÃO ENTORNO RESTAURANTE CAMPUS 2;10
FCA- URBANIZAÇÃO ENTORNO RESTAURANTE CAMPUS 2;11
FCA- URBANIZAÇÃO ENTORNO RESTAURANTE CAMPUS 2;11
FCA- URBANIZAÇÃO ENTORNO RESTAURANTE CAMPUS 2;11
FCA- URBANIZAÇÃO ENTORNO RESTAURANTE CAMPUS 2;11
FCA- URBANIZAÇÃO ENTORNO RESTAURANTE CAMPUS 2;11
FCA- URBANIZAÇÃO ENTORNO RESTAURANTE CAMPUS 2;11
FCA- URBANIZAÇÃO ENTORNO RESTAURANTE CAMPUS 2;11
FCA- URBANIZAÇÃO ENTORNO RESTAURANTE CAMPUS 2;11
FCA- VESTIÁRIO PARA AS QUADRAS;10
FCA- VESTIÁRIO PARA AS QUADRAS;10
FCA- VESTIÁRIO PARA AS QUADRAS;10
FCA- VESTIÁRIO PARA AS QUADRAS;11
FCA- VESTIÁRIO PARA AS QUADRAS;11
FCA- VESTIÁRIO PARA AS QUADRAS;11
FCA- VESTIÁRIO PARA AS QUADRAS;11
FCA- VESTIÁRIO PARA AS QUADRAS;11
FCA- VESTIÁRIO PARA AS QUADRAS;
FCA- VESTIÁRIO PARA AS QUADRAS;
FCM- ABRIGO DE RESÍDUOS QUÍMICOS;11
FCM- ABRIGO DE RESÍDUOS QUÍMICOS;11
FCM- AMPLIAÇÃO CEPRE/DDHR/FONOAUDIOLOGIA;10
FCM- AMPLIAÇÃO CEPRE/DDHR/FONOAUDIOLOGIA;11
FCM- AMPLIAÇÃO CEPRE/DDHR/FONOAUDIOLOGIA;11
FCM- AMPLIAÇÃO CEPRE/DDHR/FONOAUDIOLOGIA;11
FCM- AMPLIAÇÃO CEPRE/DDHR/FONOAUDIOLOGIA;
FCM- BIOTERIO FARMACO;08
FCM- BIOTERIO FARMACO;08
FCM- BIOTERIO FARMACO;08
FCM- BIOTERIO FARMACO;08
FCM- BIOTERIO FARMACO;08
FCM- BIOTERIO FARMACO;08
FCM- BIOTERIO FARMACO;08
FCM- BIOTERIO FARMACO;08
FCM- CENTRO PESQUISA CLÍNICA (FINEP);08
FCM- CENTRO PESQUISA CLÍNICA (FINEP);08
FCM- CENTRO PESQUISA CLÍNICA (FINEP);08
FCM- CENTRO PESQUISA CLÍNICA (FINEP);08
FCM- CENTRO PESQUISA CLÍNICA (FINEP);08
FCM- CENTRO PESQUISA CLÍNICA (FINEP);08
FCM- CENTRO PESQUISA CLÍNICA (FINEP);08
FCM- CENTRO PESQUISA CLÍNICA (FINEP);08
FCM- CENTRO PESQUISA CLÍNICA (FINEP);08
FCM- CENTRO PESQUISA CLÍNICA (FINEP);08
FCM- CENTRO PESQUISA CLÍNICA (FINEP);08
FCM- CENTRO PESQUISA CLÍNICA (FINEP);08
FCM- CENTRO PESQUISA CLÍNICA (FINEP);08
FCM- CENTRO PESQUISA CLÍNICA (FINEP);08
FCM- CENTRO PESQUISA CLÍNICA (FINEP);08
FCM- CENTRO PESQUISA CLÍNICA (FINEP);08
FCM- CENTRO PESQUISA CLÍNICA (FINEP);08
FCM- CENTRO PESQUISA CLÍNICA (FINEP);08
FCM- CENTRO PESQUISA CLÍNICA (FINEP);08
FCM- CENTRO PESQUISA CLÍNICA (FINEP);08
FCM- CENTRO PESQUISA CLÍNICA (FINEP);08
FCM- CENTRO PESQUISA CLÍNICA (FINEP);09
FCM- CENTRO PESQUISA CLÍNICA (FINEP);09
FCM- CENTRO PESQUISA CLÍNICA (FINEP);09
FCM- CENTRO PESQUISA CLÍNICA (FINEP);09
FCM- CENTRO PESQUISA CLÍNICA (FINEP);09
FCM- CENTRO PESQUISA CLÍNICA (FINEP);09
FCM- CENTRO PESQUISA CLÍNICA (FINEP);10
FCM- CENTRO PESQUISA CLÍNICA (FINEP);10
FCM- CENTRO PESQUISA CLÍNICA (FINEP);10
FCM- CENTRO PESQUISA CLÍNICA (FINEP);10
FCM- CENTRO PESQUISA CLÍNICA (FINEP);10
FCM- CENTRO PESQUISA CLÍNICA (FINEP);10
FCM- CENTRO PESQUISA CLÍNICA (FINEP);10
FCM- CENTRO PESQUISA CLÍNICA (FINEP);11
FCM- CENTRO PESQUISA CLÍNICA (FINEP);11
FCM- CENTRO PESQUISA CLÍNICA (FINEP);11
FCM- CENTRO PESQUISA CLÍNICA (FINEP);11
FCM- CENTRO PESQUISA CLÍNICA (FINEP);11
FCM- CENTRO PESQUISA CLÍNICA (FINEP);11
FCM- CENTRO PESQUISA CLÍNICA (FINEP);11
FCM- CENTRO PESQUISA CLÍNICA (FINEP);11
FCM- CLIMATIZAÇÃO PRÉDIO DO CEPRE;10
FCM- ESCOLA DE SAÚDE DA FAMÍLIA;09
FCM- ESCOLA DE SAÚDE DA FAMÍLIA;09
FCM- ESCOLA DE SAÚDE DA FAMÍLIA;09
FCM- ESCOLA DE SAÚDE DA FAMÍLIA;09
FCM- ESCOLA DE SAÚDE DA FAMÍLIA;09
FCM- ESCOLA DE SAÚDE DA FAMÍLIA;09
FCM- ESCOLA DE SAÚDE DA FAMÍLIA;09
FCM- ESCOLA DE SAÚDE DA FAMÍLIA;09
FCM- ESCOLA DE SAÚDE DA FAMÍLIA;09
FCM- ESCOLA DE SAÚDE DA FAMÍLIA;09
FCM- ESCOLA DE SAÚDE DA FAMÍLIA;09
FCM- ESCOLA DE SAÚDE DA FAMÍLIA;09
FCM- ESCOLA DE SAÚDE DA FAMÍLIA;09
FCM- ESCOLA DE SAÚDE DA FAMÍLIA;09
FCM- ESCOLA DE SAÚDE DA FAMÍLIA;09
FCM- ESCOLA DE SAÚDE DA FAMÍLIA;10
FCM- ESCOLA DE SAÚDE DA FAMÍLIA;10
FCM- ESCOLA DE SAÚDE DA FAMÍLIA;10
FCM- ESCOLA DE SAÚDE DA FAMÍLIA;10
FCM- ESCOLA DE SAÚDE DA FAMÍLIA;10
FCM- ESCOLA DE SAÚDE DA FAMÍLIA;10
FCM- ESCOLA DE SAÚDE DA FAMÍLIA;10
FCM- ESCOLA DE SAÚDE DA FAMÍLIA;10
FCM- ESCOLA DE SAÚDE DA FAMÍLIA;10
FCM- ESCOLA DE SAÚDE DA FAMÍLIA;10
FCM- ESCOLA DE SAÚDE DA FAMÍLIA;10
FCM- ESCOLA DE SAÚDE DA FAMÍLIA;10
FCM- ESCOLA DE SAÚDE DA FAMÍLIA;11
FCM- ESCOLA DE SAÚDE DA FAMÍLIA;11
FCM- ESCOLA DE SAÚDE DA FAMÍLIA;11
FCM- ESCOLA DE SAÚDE DA FAMÍLIA;11
FCM- ESCOLA DE SAÚDE DA FAMÍLIA;11
FCM- ESCOLA DE SAÚDE DA FAMÍLIA;11
FCM- ESCOLA DE SAÚDE DA FAMÍLIA;11
FCM- ESCOLA DE SAÚDE DA FAMÍLIA;11
FCM- ESTACIONAMENTO NO NMCE;09
FCM- INSTALAÇÃO GRUPO GERADOR PARA PRÉDIOS FCM;08
FCM- INTERLIGAÇÃO ELÉTRICA PRÉDIO PÓS GRADUAÇÃO E HABILIDADES;08
FCM- INTERLIGAÇÃO ELÉTRICA PRÉDIO PÓS GRADUAÇÃO E HABILIDADES;08
FCM- INTERLIGAÇÃO ELÉTRICA PRÉDIO PÓS GRADUAÇÃO E HABILIDADES;10
FCM- INTERLIGAÇÃO ELÉTRICA PRÉDIO PÓS GRADUAÇÃO E HABILIDADES;10
FCM- INTERLIGAÇÃO ELÉTRICA PRÉDIO PÓS GRADUAÇÃO E HABILIDADES;10
FCM- INTERLIGAÇÃO ELÉTRICA PRÉDIO PÓS GRADUAÇÃO E HABILIDADES;10
FCM- INTERLIGAÇÃO ELÉTRICA PRÉDIO PÓS GRADUAÇÃO E HABILIDADES;11
FCM- INTERLIGAÇÃO ELÉTRICA PRÉDIO PÓS GRADUAÇÃO E HABILIDADES;11
FCM- LABORATÓRIOS DE PESQUISA - LEXP (FINEP- CT-Infra);08
FCM- LABORATÓRIOS DE PESQUISA - LEXP (FINEP- CT-Infra);08
FCM- LABORATÓRIOS DE PESQUISA - LEXP (FINEP- CT-Infra);08
FCM- LABORATÓRIOS DE PESQUISA - LEXP (FINEP- CT-Infra);08
FCM- LABORATÓRIOS DE PESQUISA - LEXP (FINEP- CT-Infra);08
FCM- LABORATÓRIOS DE PESQUISA - LEXP (FINEP- CT-Infra);08
FCM- LABORATÓRIOS DE PESQUISA - LEXP (FINEP- CT-Infra);09
FCM- LABORATÓRIOS DE PESQUISA - LEXP (FINEP- CT-Infra);09
FCM- LABORATÓRIOS DE PESQUISA - LEXP (FINEP- CT-Infra);09
FCM- LABORATÓRIOS DE PESQUISA - LEXP (FINEP- CT-Infra);09
FCM- LABORATÓRIOS DE PESQUISA - LEXP (FINEP- CT-Infra);09
FCM- LABORATÓRIOS DE PESQUISA - LEXP (FINEP- CT-Infra);09
FCM- LABORATÓRIOS DE PESQUISA - LEXP (FINEP- CT-Infra);09
FCM- LABORATÓRIOS DE PESQUISA - LEXP (FINEP- CT-Infra);09
FCM- LABORATÓRIOS DE PESQUISA - LEXP (FINEP- CT-Infra);09
FCM- LABORATÓRIOS DE PESQUISA - LEXP (FINEP- CT-Infra);09
FCM- LABORATÓRIOS DE PESQUISA - LEXP (FINEP- CT-Infra);09
FCM- LABORATÓRIOS DE PESQUISA - LEXP (FINEP- CT-Infra);09
FCM- LABORATÓRIOS DE PESQUISA - LEXP (FINEP- CT-Infra);09
FCM- LABORATÓRIOS DE PESQUISA - LEXP (FINEP- CT-Infra);09
FCM- LABORATÓRIOS DE PESQUISA - LEXP (FINEP- CT-Infra);09
FCM- LABORATÓRIOS DE PESQUISA - LEXP (FINEP- CT-Infra);09
FCM- LABORATÓRIOS DE PESQUISA - LEXP (FINEP- CT-Infra);09
FCM- LABORATÓRIOS DE PESQUISA - LEXP (FINEP- CT-Infra);10
FCM- LABORATÓRIOS DE PESQUISA - LEXP (FINEP- CT-Infra);10
FCM- LABORATÓRIOS DE PESQUISA - LEXP (FINEP- CT-Infra);10
FCM- LABORATÓRIOS DE PESQUISA - LEXP (FINEP- CT-Infra);10
FCM- LABORATÓRIOS DE PESQUISA - LEXP (FINEP- CT-Infra);10
FCM- LABORATÓRIOS DE PESQUISA - LEXP (FINEP- CT-Infra);10
FCM- LABORATÓRIOS DE PESQUISA - LEXP (FINEP- CT-Infra);10
FCM- LABORATÓRIOS DE PESQUISA - LEXP (FINEP- CT-Infra);10
FCM- LABORATÓRIOS DE PESQUISA - LEXP (FINEP- CT-Infra);10
FCM- LABORATÓRIOS DE PESQUISA - LEXP (FINEP- CT-Infra);10
FCM- LABORATÓRIOS DE PESQUISA - LEXP (FINEP- CT-Infra);10
FCM- LABORATÓRIOS DE PESQUISA - LEXP (FINEP- CT-Infra);10
FCM- LABORATÓRIOS DE PESQUISA - LEXP (FINEP- CT-Infra);10
FCM- LABORATÓRIOS DE PESQUISA - LEXP (FINEP- CT-Infra);10
FCM- LABORATÓRIOS DE PESQUISA - LEXP (FINEP- CT-Infra);10
FCM- LABORATÓRIOS DE PESQUISA - LEXP (FINEP- CT-Infra);10
FCM- LABORATÓRIOS DE PESQUISA - LEXP (FINEP- CT-Infra);10
FCM- LABORATÓRIOS DE PESQUISA - LEXP (FINEP- CT-Infra);10
FCM- LABORATÓRIOS DE PESQUISA - LEXP (FINEP- CT-Infra);11
FCM- LABORATÓRIOS DE PESQUISA - LEXP (FINEP- CT-Infra);11
FCM- LABORATÓRIOS DE PESQUISA - LEXP (FINEP- CT-Infra);11
FCM- LABORATÓRIOS DE PESQUISA - LEXP (FINEP- CT-Infra);11
FCM- PRÉDIO CURSO FARMÁCIA;10
FCM- PRÉDIO CURSO FARMÁCIA;10
FCM- PRÉDIO CURSO FARMÁCIA;10
FCM- PRÉDIO CURSO FARMÁCIA;10
FCM- PRÉDIO CURSO FARMÁCIA;10
FCM- PRÉDIO CURSO FARMÁCIA;10
FCM- PRÉDIO CURSO FARMÁCIA;10
FCM- PRÉDIO CURSO FARMÁCIA;10
FCM- PRÉDIO CURSO FARMÁCIA;11
FCM- PRÉDIO CURSO FARMÁCIA;11
FCM- PRÉDIO CURSO FARMÁCIA;11
FCM- PRÉDIO CURSO FARMÁCIA;11
FCM- PRÉDIO CURSO FARMÁCIA;11
FCM- PRÉDIO CURSO FARMÁCIA;11
FCM- PRÉDIO CURSO FARMÁCIA;11
FCM- PRÉDIO CURSO FARMÁCIA;11
FCM- PRÉDIO CURSO FARMÁCIA;11
FCM- PRÉDIO CURSO FARMÁCIA;11
FCM- PRÉDIO CURSO FARMÁCIA;11
FCM- PRÉDIO CURSO FARMÁCIA;11
FCM- PRÉDIO CURSO FARMÁCIA;11
FCM- PRÉDIO CURSO FARMÁCIA;11
FCM- PRÉDIO CURSO FARMÁCIA;11
FCM- PRÉDIO CURSO FARMÁCIA;11
FCM- PRÉDIO CURSO FARMÁCIA;11
FCM- PRÉDIO CURSO FARMÁCIA;11
FCM- PRÉDIO CURSO FARMÁCIA;11
FCM- PRÉDIO PARA MEDICINA TRANSLACIONAL;10
FCM- PRÉDIO PARA MEDICINA TRANSLACIONAL;11
FCM- REFORMA BIOTÉRIO AO LADO DO NMCE;08
FCM- REFORMA BIOTÉRIO AO LADO DO NMCE;10
FCM- TRATAMENTO ACÚSTICO PRÉDIO DO CEPRE;11
FCM- TRATAMENTO ACÚSTICO PRÉDIO DO CEPRE;11
FCM- TRATAMENTO ACÚSTICO PRÉDIO DO CEPRE;11
FCM- TRATAMENTO ACÚSTICO PRÉDIO DO CEPRE;11
FE- ANEXO 3;09
FE- ANEXO 3;09
FE- ANEXO 3;09
FE- ANEXO 3;09
FE- ANEXO 3;09
FE- ANEXO 3;09
FE- ANEXO 3;09
FE- ANEXO 3;10
FE- ANEXO 3;10
FE- ANEXO 3;10
FE- ANEXO 3;10
FE- ANEXO 3;10
FE- ANEXO 3;10
FE- ANEXO 3;10
FE- ANEXO 3;10
FE- ANEXO 3;10
FE- ANEXO 3;10
FE- ANEXO 3;10
FE- ANEXO 3;10
FE- ANEXO 3;10
FE- ANEXO 3;10
FE- ANEXO 3;10
FE- ANEXO 3;10
FE- ANEXO 3;10
FE- ANEXO 3;10
FE- ANEXO 3;10
FE- ANEXO 3;10
FE- ANEXO 3;10
FE- ANEXO 3;10
FE- ANEXO 3;10
FE- ANEXO 3;11
FE- ANEXO 3;11
FE- ANEXO 3;11
FE- ANEXO 3;11
FE- ANEXO 3;11
FE- ANEXO 3;11
FE- ANEXO 3;11
FE- ANEXO 3;11
FE- ANEXO 3;11
FE- ANEXO 3;11
FE- ANEXO 3;11
FE- ANEXO 3;11
FE- ANEXO 3;11
FE- ANEXO 3;11
FE- ANEXO 3;11
FE- REFORMA SANITÁRIOS PRÉDIO PRINCIPAL;08
FE- REFORMA SANITÁRIOS PRÉDIO PRINCIPAL;08
FE- REFORMA SANITÁRIOS PRÉDIO PRINCIPAL;09
FE- REFORMA SANITÁRIOS PRÉDIO PRINCIPAL;09
FE- REFORMA SANITÁRIOS PRÉDIO PRINCIPAL;09
FE- REFORMA SANITÁRIOS PRÉDIO PRINCIPAL;10
FE- REFORMA SANITÁRIOS PRÉDIO PRINCIPAL;10
FE- REFORMA SANITÁRIOS PRÉDIO PRINCIPAL;10
FE- REFORMA SANITÁRIOS PRÉDIO PRINCIPAL;10
FE- REFORMA SANITÁRIOS PRÉDIO PRINCIPAL;10
FE- REFORMA SANITÁRIOS PRÉDIO PRINCIPAL;10
FE- REFORMA SANITÁRIOS PRÉDIO PRINCIPAL;10
FE- REFORMA SANITÁRIOS PRÉDIO PRINCIPAL;11
FE- REFORMA SANITÁRIOS PRÉDIO PRINCIPAL;11
FE- REFORMA SANITÁRIOS PRÉDIO PRINCIPAL;11
FE- REFORMA SANITÁRIOS PRÉDIO PRINCIPAL;11
FE- REFORMA SANITÁRIOS PRÉDIO PRINCIPAL;11
FE- REFORMAS- ALTERAÇÕES DE LAYOUT;08
FE- REFORMAS- ALTERAÇÕES DE LAYOUT;08
FE- REFORMAS- ALTERAÇÕES DE LAYOUT;08
FE- REFORMAS- ALTERAÇÕES DE LAYOUT;08
FE- REFORMAS- ALTERAÇÕES DE LAYOUT;08
FE- REFORMAS- ALTERAÇÕES DE LAYOUT;08
FE- REFORMAS- ALTERAÇÕES DE LAYOUT;08
FE- REFORMAS- ALTERAÇÕES DE LAYOUT;09
FE- REFORMAS- ALTERAÇÕES DE LAYOUT;09
FE- REFORMAS- ALTERAÇÕES DE LAYOUT;09
FE- REFORMAS- ALTERAÇÕES DE LAYOUT;09
FE- REFORMAS- ALTERAÇÕES DE LAYOUT;09
FE- REFORMAS- ALTERAÇÕES DE LAYOUT;09
FE- REFORMAS- ALTERAÇÕES DE LAYOUT;09
FE- REFORMAS- ALTERAÇÕES DE LAYOUT;09
FE- REFORMAS- ALTERAÇÕES DE LAYOUT;09
FE- REFORMAS- ALTERAÇÕES DE LAYOUT;09
FE- REFORMAS- ALTERAÇÕES DE LAYOUT;09
FE- REFORMAS- ALTERAÇÕES DE LAYOUT;09
FE- REFORMAS- ALTERAÇÕES DE LAYOUT;09
FE- REFORMAS- ALTERAÇÕES DE LAYOUT;09
FE- REFORMAS- ALTERAÇÕES DE LAYOUT;09
FE- REFORMAS- ALTERAÇÕES DE LAYOUT;09
FE- REFORMAS- ALTERAÇÕES DE LAYOUT;09
FE- REFORMAS- ALTERAÇÕES DE LAYOUT;09
FE- REFORMAS- ALTERAÇÕES DE LAYOUT;09
FE- REFORMAS- ALTERAÇÕES DE LAYOUT;09
FE- REFORMAS- ALTERAÇÕES DE LAYOUT;09
FE- REFORMAS- ALTERAÇÕES DE LAYOUT;09
FE- REFORMAS- ALTERAÇÕES DE LAYOUT;10
FE- REVISÃO SPDA;10
FE- REVISÃO SPDA;10
FE- REVISÃO SPDA;11
FE- SUBSTITUIÇÃO DO TRANSFORMADOR;08
FEA- 1a ETAPA NOVO PRÉDIO SALAS AULA E LAB. DE ENSINO;08
FEA- 1a ETAPA NOVO PRÉDIO SALAS AULA E LAB. DE ENSINO;08
FEA- 1a ETAPA NOVO PRÉDIO SALAS AULA E LAB. DE ENSINO;08
FEA- 1a ETAPA NOVO PRÉDIO SALAS AULA E LAB. DE ENSINO;08
FEA- 1a ETAPA NOVO PRÉDIO SALAS AULA E LAB. DE ENSINO;08
FEA- 1a ETAPA NOVO PRÉDIO SALAS AULA E LAB. DE ENSINO;08
FEA- 1a ETAPA NOVO PRÉDIO SALAS AULA E LAB. DE ENSINO;08
FEA- 1a ETAPA NOVO PRÉDIO SALAS AULA E LAB. DE ENSINO;08
FEA- 1a ETAPA NOVO PRÉDIO SALAS AULA E LAB. DE ENSINO;08
FEA- 1a ETAPA NOVO PRÉDIO SALAS AULA E LAB. DE ENSINO;08
FEA- 1a ETAPA NOVO PRÉDIO SALAS AULA E LAB. DE ENSINO;08
FEA- 1a ETAPA NOVO PRÉDIO SALAS AULA E LAB. DE ENSINO;08
FEA- 1a ETAPA NOVO PRÉDIO SALAS AULA E LAB. DE ENSINO;08
FEA- 1a ETAPA NOVO PRÉDIO SALAS AULA E LAB. DE ENSINO;08
FEA- 1a ETAPA NOVO PRÉDIO SALAS AULA E LAB. DE ENSINO;08
FEA- 1a ETAPA NOVO PRÉDIO SALAS AULA E LAB. DE ENSINO;08
FEA- 1a ETAPA NOVO PRÉDIO SALAS AULA E LAB. DE ENSINO;08
FEA- 1a ETAPA NOVO PRÉDIO SALAS AULA E LAB. DE ENSINO;08
FEA- 1a ETAPA NOVO PRÉDIO SALAS AULA E LAB. DE ENSINO;08
FEA- 1a ETAPA NOVO PRÉDIO SALAS AULA E LAB. DE ENSINO;08
FEA- 1a ETAPA NOVO PRÉDIO SALAS AULA E LAB. DE ENSINO;08
FEA- 1a ETAPA NOVO PRÉDIO SALAS AULA E LAB. DE ENSINO;08
FEA- 1a ETAPA NOVO PRÉDIO SALAS AULA E LAB. DE ENSINO;08
FEA- 1a ETAPA NOVO PRÉDIO SALAS AULA E LAB. DE ENSINO;08
FEA- 1a ETAPA NOVO PRÉDIO SALAS AULA E LAB. DE ENSINO;08
FEA- 1a ETAPA NOVO PRÉDIO SALAS AULA E LAB. DE ENSINO;08
FEA- 1a ETAPA NOVO PRÉDIO SALAS AULA E LAB. DE ENSINO;08
FEA- 1a ETAPA NOVO PRÉDIO SALAS AULA E LAB. DE ENSINO;09
FEA- 1a ETAPA NOVO PRÉDIO SALAS AULA E LAB. DE ENSINO;09
FEA- 1a ETAPA NOVO PRÉDIO SALAS AULA E LAB. DE ENSINO;09
FEA- 1a ETAPA NOVO PRÉDIO SALAS AULA E LAB. DE ENSINO;09
FEA- 1a ETAPA NOVO PRÉDIO SALAS AULA E LAB. DE ENSINO;09
FEA- 1a ETAPA NOVO PRÉDIO SALAS AULA E LAB. DE ENSINO;09
FEA- 1a ETAPA NOVO PRÉDIO SALAS AULA E LAB. DE ENSINO;09
FEA- 1a ETAPA NOVO PRÉDIO SALAS AULA E LAB. DE ENSINO;09
FEA- 1a ETAPA NOVO PRÉDIO SALAS AULA E LAB. DE ENSINO;09
FEA- 1a ETAPA NOVO PRÉDIO SALAS AULA E LAB. DE ENSINO;09
FEA- 1a ETAPA NOVO PRÉDIO SALAS AULA E LAB. DE ENSINO;10
FEA- 1a ETAPA NOVO PRÉDIO SALAS AULA E LAB. DE ENSINO;10
FEA- 2a ETAPA NOVO PRÉDIO SALAS AULA E LAB. DE ENSINO;10
FEA- 2a ETAPA NOVO PRÉDIO SALAS AULA E LAB. DE ENSINO;10
FEA- 2a ETAPA NOVO PRÉDIO SALAS AULA E LAB. DE ENSINO;10
FEA- 2a ETAPA NOVO PRÉDIO SALAS AULA E LAB. DE ENSINO;11
FEA- 2a ETAPA NOVO PRÉDIO SALAS AULA E LAB. DE ENSINO;11
FEA- 2a ETAPA NOVO PRÉDIO SALAS AULA E LAB. DE ENSINO;11
FEA- 2a ETAPA NOVO PRÉDIO SALAS AULA E LAB. DE ENSINO;11
FEA- 2a ETAPA NOVO PRÉDIO SALAS AULA E LAB. DE ENSINO;11
FEA- 2a ETAPA NOVO PRÉDIO SALAS AULA E LAB. DE ENSINO;11
FEA- 2a ETAPA NOVO PRÉDIO SALAS AULA E LAB. DE ENSINO;11
FEA- 3a ETAPA NOVO PRÉDIO SALAS AULA E LAB. DE ENSINO;11
FEA- LAB DE BIOTECNOLOGIA (CT-INFRA 01/06);08
FEA- LAB DE BIOTECNOLOGIA (CT-INFRA 01/06);10
FEA- LAB DE BIOTECNOLOGIA (CT-INFRA 01/06);10
FEA- LAB DE BIOTECNOLOGIA (CT-INFRA 01/06);10
FEA- LAB DE BIOTECNOLOGIA (CT-INFRA 01/06);10
FEA- LAB DE BIOTECNOLOGIA (CT-INFRA 01/06);10
FEA- LAB DE BIOTECNOLOGIA (CT-INFRA 01/06);10
FEA- LAB DE BIOTECNOLOGIA (CT-INFRA 01/06);10
FEA- LAB DE BIOTECNOLOGIA (CT-INFRA 01/06);10
FEA- LAB DE BIOTECNOLOGIA (CT-INFRA 01/06);11
FEA- LAB DE BIOTECNOLOGIA (CT-INFRA 01/06);11
FEA- LAB DE BIOTECNOLOGIA (CT-INFRA 01/06);11
FEA- LAB DE BIOTECNOLOGIA (CT-INFRA 01/06);11
FEA- LAB DE BIOTECNOLOGIA (CT-INFRA 01/06);11
FEA- LAB DE BIOTECNOLOGIA (CT-INFRA 01/06);11
FEA- LAB DE BIOTECNOLOGIA (CT-INFRA 01/06);11
FEA- LAB DE BIOTECNOLOGIA (CT-INFRA 01/06);11
FEA- LAB DE BIOTECNOLOGIA (CT-INFRA 01/06);11
FEA- LAB DE BIOTECNOLOGIA (CT-INFRA 01/06);11
FEA- LAB DE BIOTECNOLOGIA (CT-INFRA 01/06);11
FEA- NOVA REDE HIDRÁULICA;11
FEA- NOVA REDE HIDRÁULICA;11
FEA- NOVA REDE HIDRÁULICA;11
FEA- NOVA REDE HIDRÁULICA;11
FEA- NOVA REDE HIDRÁULICA;11
FEA- NOVA REDE HIDRÁULICA;11
FEA- REFORMA E AMPLIAÇÃO DA PADARIA;10
FEA- REFORMA E AMPLIAÇÃO DA PADARIA;10
FEA- REFORMA E AMPLIAÇÃO DO NEPA;08
FEA- REFORMA E AMPLIAÇÃO DO NEPA;08
FEA- REFORMA PLANTA PILOTO E LABS DEPTO CIÊNCIA DE ALIMENTOS (CT-INFRA 01/01);08
FEA- REFORMA PLANTA PILOTO E LABS DEPTO CIÊNCIA DE ALIMENTOS (CT-INFRA 01/01);08
FEA- REFORMA PLANTA PILOTO E LABS DEPTO CIÊNCIA DE ALIMENTOS (CT-INFRA 01/01);08
FEA- REFORMA PLANTA PILOTO E LABS DEPTO CIÊNCIA DE ALIMENTOS (CT-INFRA 01/01);09
FEA- REFORMA PLANTA PILOTO E LABS DEPTO CIÊNCIA DE ALIMENTOS (CT-INFRA 01/01);10
FEA- REFORMA PLANTA PILOTO E LABS DEPTO CIÊNCIA DE ALIMENTOS (CT-INFRA 01/01);10
FEA- REFORMA PLANTA PILOTO E LABS DEPTO CIÊNCIA DE ALIMENTOS (CT-INFRA 01/01);10
FEA- REFORMA PLANTA PILOTO E LABS DEPTO CIÊNCIA DE ALIMENTOS (CT-INFRA 01/01);10
FEA- REFORMA PLANTA PILOTO E LABS DEPTO CIÊNCIA DE ALIMENTOS (CT-INFRA 01/01);11
FEA- REFORMA PLANTA PILOTO E LABS DEPTO CIÊNCIA DE ALIMENTOS (CT-INFRA 01/01);11
FEA- SPDA;09
FEAGRI- CENTRO ACADÊMICO;11
FEAGRI- CONCLUSÃO DA CONSTRUÇÃO DO PRÉDIO III;09
FEAGRI- CONCLUSÃO DA CONSTRUÇÃO DO PRÉDIO III;09
FEAGRI- CONCLUSÃO DA CONSTRUÇÃO DO PRÉDIO III;09
FEAGRI- CONCLUSÃO DA CONSTRUÇÃO DO PRÉDIO III;10
FEAGRI- CONCLUSÃO DA CONSTRUÇÃO DO PRÉDIO III;10
FEAGRI- CONCLUSÃO DA CONSTRUÇÃO DO PRÉDIO III;10
FEAGRI- CONCLUSÃO DA CONSTRUÇÃO DO PRÉDIO III;10
FEAGRI- CONCLUSÃO DA CONSTRUÇÃO DO PRÉDIO III;10
FEAGRI- CONCLUSÃO DA CONSTRUÇÃO DO PRÉDIO III;01
FEAGRI- CONCLUSÃO DA CONSTRUÇÃO DO PRÉDIO III;11
FEAGRI- CONCLUSÃO DA CONSTRUÇÃO DO PRÉDIO III;11
FEAGRI- ESCADA ACESSO LAB. TERMODINÂMICA;11
FEAGRI- ESCADA ACESSO LAB. TERMODINÂMICA;11
FEAGRI- ESCADA ACESSO LAB. TERMODINÂMICA;11
FEAGRI- ESCADA ACESSO LAB. TERMODINÂMICA;11
FEAGRI- ESTACIONAMENTO;09
FEAGRI- ESTACIONAMENTO;09
FEAGRI- ESTACIONAMENTO;10
FEAGRI- ESTACIONAMENTO;10
FEAGRI- INSTALAÇÃO DE 2 QUIOSQUES;10
FEAGRI- INSTALAÇÃO DE 2 QUIOSQUES;11
FEAGRI- LABORATÓRIO END-LABEND (FINEP - PROMOVE);08
FEAGRI- LABORATÓRIO END-LABEND (FINEP - PROMOVE);08
FEAGRI- LABORATÓRIO END-LABEND (FINEP - PROMOVE);08
FEAGRI- LABORATÓRIO END-LABEND (FINEP - PROMOVE);08
FEAGRI- LABORATÓRIO END-LABEND (FINEP - PROMOVE);08
FEAGRI- LABORATÓRIO END-LABEND (FINEP - PROMOVE);09
FEAGRI- LABORATÓRIO END-LABEND (FINEP - PROMOVE);09
FEAGRI- LABORATÓRIO END-LABEND (FINEP - PROMOVE);09
FEAGRI- LABORATÓRIO END-LABEND (FINEP - PROMOVE);09
FEAGRI- LABORATÓRIO END-LABEND (FINEP - PROMOVE);09
FEAGRI- LABORATÓRIO END-LABEND (FINEP - PROMOVE);09
FEAGRI- LABORATÓRIO END-LABEND (FINEP - PROMOVE);09
FEAGRI- LABORATÓRIO END-LABEND (FINEP - PROMOVE);09
FEAGRI- LABORATÓRIO END-LABEND (FINEP - PROMOVE);09
FEAGRI- LABORATÓRIO END-LABEND (FINEP - PROMOVE);09
FEAGRI- LABORATÓRIO END-LABEND (FINEP - PROMOVE);09
FEAGRI- LABORATÓRIO END-LABEND (FINEP - PROMOVE);09
FEAGRI- LABORATÓRIO END-LABEND (FINEP - PROMOVE);09
FEAGRI- LABORATÓRIO END-LABEND (FINEP - PROMOVE);09
FEAGRI- LABORATÓRIO END-LABEND (FINEP - PROMOVE);09
FEAGRI- LABORATÓRIO END-LABEND (FINEP - PROMOVE);09
FEAGRI- LABORATÓRIO END-LABEND (FINEP - PROMOVE);09
FEAGRI- LABORATÓRIO END-LABEND (FINEP - PROMOVE);09
FEAGRI- LABORATÓRIO END-LABEND (FINEP - PROMOVE);09
FEAGRI- LABORATÓRIO END-LABEND (FINEP - PROMOVE);10
FEAGRI- LABORATÓRIO END-LABEND (FINEP - PROMOVE);10
FEAGRI- LABORATÓRIO END-LABEND (FINEP - PROMOVE);10
FEAGRI- LABORATÓRIO END-LABEND (FINEP - PROMOVE);10
FEAGRI- LABORATÓRIO END-LABEND (FINEP - PROMOVE);11
FEAGRI- REFORMA SETOR SECAGEM LAB PÓS COLHEITA REDEAGRO (FINEP- CT-INFRA);08
FEAGRI- REFORMA SETOR SECAGEM LAB PÓS COLHEITA REDEAGRO (FINEP- CT-INFRA);08
FEAGRI- REFORMA SETOR SECAGEM LAB PÓS COLHEITA REDEAGRO (FINEP- CT-INFRA);08
FEAGRI- REFORMA SETOR SECAGEM LAB PÓS COLHEITA REDEAGRO (FINEP- CT-INFRA);08
FEAGRI- REFORMA SETOR SECAGEM LAB PÓS COLHEITA REDEAGRO (FINEP- CT-INFRA);08
FEAGRI- REFORMA SETOR SECAGEM LAB PÓS COLHEITA REDEAGRO (FINEP- CT-INFRA);08
FEAGRI- REFORMA SETOR SECAGEM LAB PÓS COLHEITA REDEAGRO (FINEP- CT-INFRA);08
FEAGRI- REFORMA SETOR SECAGEM LAB PÓS COLHEITA REDEAGRO (FINEP- CT-INFRA);08
FEAGRI- REFORMA SETOR SECAGEM LAB PÓS COLHEITA REDEAGRO (FINEP- CT-INFRA);08
FEAGRI- REFORMA SETOR SECAGEM LAB PÓS COLHEITA REDEAGRO (FINEP- CT-INFRA);10
FEAGRI- REFORMA SETOR SECAGEM LAB PÓS COLHEITA REDEAGRO (FINEP- CT-INFRA);10
FEAGRI- REFORMA SETOR SECAGEM LAB PÓS COLHEITA REDEAGRO (FINEP- CT-INFRA);10
FEC- CONCLUSÃO DO PRÉDIO 7;08
FEC- CONCLUSÃO DO PRÉDIO 7;08
FEC- CONCLUSÃO DO PRÉDIO 7;08
FEC- CONCLUSÃO DO PRÉDIO 7;08
FEC- CONCLUSÃO DO PRÉDIO 7;10
FEC- CONCLUSÃO DO PRÉDIO 7;10
FEC- CONCLUSÃO DO PRÉDIO 7;10
FEC- CONCLUSÃO DO PRÉDIO 7;10
FEC- CONCLUSÃO DO PRÉDIO 7;10
FEC- CONCLUSÃO DO PRÉDIO 7;10
FEC- CONCLUSÃO DO PRÉDIO 7;10
FEC- CONCLUSÃO DO PRÉDIO 7;10
FEC- CONCLUSÃO DO PRÉDIO 7;11
FEC- CONCLUSÃO DO PRÉDIO 7;11
FEC- CONCLUSÃO DO PRÉDIO 7;11
FEC- CONCLUSÃO DO PRÉDIO 7;11
FEC- CONCLUSÃO DO PRÉDIO 7;11
FEC- CONCLUSÃO DO PRÉDIO 7;11
FEC- CONCLUSÃO DO PRÉDIO 7;11
FEC- ELEVADOR;10
FEC- ELEVADOR;10
FEC- ELEVADOR;10
FEC- ELEVADOR;10
FEC- ELEVADOR;11
FEC- ELEVADOR;11
FEC- ELEVADOR;11
FEC- ELEVADOR;11
FEC- ELEVADOR;11
FEC- ELEVADOR;11
FEC- ELEVADOR;11
FEC- ELEVADOR;11
FEC- LABORATÓRIO LABTUBE;08
FEC- LABORATÓRIO LABTUBE;09
FEC- LABORATÓRIO LABTUBE;09
FEC- LABORATÓRIO LABTUBE;10
FEC- LABORATÓRIO LABTUBE;10
FEC- LABORATÓRIO LABTUBE;10
FEC- LABORATÓRIO LABTUBE;10
FEC- LABORATÓRIO LABTUBE;10
FEC- LABORATÓRIO LABTUBE;10
FEC- LABORATÓRIO LABTUBE;10
FEC- LABORATÓRIO LABTUBE;10
FEC- LABORATÓRIO LABTUBE;10
FEC- LABORATÓRIO LABTUBE;10
FEC- LABORATÓRIO LABTUBE;10
FEC- LABORATÓRIO LABTUBE;10
FEC- LABORATÓRIO LABTUBE;10
FEC- LABORATÓRIO LABTUBE;10
FEC- LABORATÓRIO LABTUBE;10
FEC- LABORATÓRIO LABTUBE;10
FEC- LABORATÓRIO LABTUBE;10
FEC- LABORATÓRIO LABTUBE;10
FEC- LABORATÓRIO LABTUBE;11
FEC- LABORATÓRIO LABTUBE;11
FEC- LABORATÓRIO LABTUBE;11
FEC- LABORATÓRIO LABTUBE;11
FEC- LABORATÓRIO LABTUBE;11
FEC- LABORATÓRIO LABTUBE;11
FEC- LABORATÓRIO LABTUBE;11
FEC- LABORATÓRIO LABTUBE;11
FEC- LABORATÓRIO LABTUBE;11
FEC- LABORATÓRIO LABTUBE;11
FEC- LABORATÓRIO LABTUBE;11
FEC- LABORATÓRIO LALT/ FLUXOS DA FEC;10
FEC- LABORATÓRIO LALT/ FLUXOS DA FEC;10
FEC- LABORATÓRIO LALT/ FLUXOS DA FEC;10
FEC- LABORATÓRIO LALT/ FLUXOS DA FEC;11
FEC- LABORATÓRIO LALT/ FLUXOS DA FEC;11
FEC- LABORATÓRIO LALT/ FLUXOS DA FEC;11
FEC- LABORATÓRIO LALT/ FLUXOS DA FEC;11
FEC- LABORATÓRIO LALT/ FLUXOS DA FEC;11
FEC- LABORATÓRIO LALT/ FLUXOS DA FEC;11
FEC- LABORATÓRIO VEÍCULO VIA (FINEP);08
FEC- LABORATÓRIO VEÍCULO VIA (FINEP);08
FEC- LABORATÓRIO VEÍCULO VIA (FINEP);08
FEC- LABORATÓRIO VEÍCULO VIA (FINEP);08
FEC- LABORATÓRIO VEÍCULO VIA (FINEP);08
FEC- LABORATÓRIO VEÍCULO VIA (FINEP);08
FEC- LABORATÓRIO VEÍCULO VIA (FINEP);08
FEC- LABORATÓRIO VEÍCULO VIA (FINEP);08
FEC- LABORATÓRIO VEÍCULO VIA (FINEP);08
FEC- LABORATÓRIO VEÍCULO VIA (FINEP);08
FEC- LABORATÓRIO VEÍCULO VIA (FINEP);09
FEC- LABORATÓRIO VEÍCULO VIA (FINEP);10
FEC- LABORATÓRIO VEÍCULO VIA (FINEP);10
FEC- LABORATÓRIO VEÍCULO VIA (FINEP);10
FEC- LABORATÓRIO VEÍCULO VIA (FINEP);10
FEC- LABORATÓRIO VEÍCULO VIA (FINEP);11
FEC- LABORATÓRIO VEÍCULO VIA (FINEP);11
FEEC- AMPLIAÇÃO DO BLOCO B;08
FEEC- AMPLIAÇÃO DO BLOCO B;08
FEEC- AMPLIAÇÃO DO BLOCO B;08
FEEC- AMPLIAÇÃO DO BLOCO B;08
FEEC- AMPLIAÇÃO DO BLOCO B;08
FEEC- AMPLIAÇÃO DO BLOCO B;10
FEEC- AMPLIAÇÃO DO BLOCO B;10
FEEC- AMPLIAÇÃO DO BLOCO B;10
FEEC- AMPLIAÇÃO DO BLOCO B;10
FEEC- AMPLIAÇÃO DO BLOCO B;10
FEEC- AMPLIAÇÃO DO BLOCO B;11
FEEC- AMPLIAÇÃO DO BLOCO B;11
FEEC- AMPLIAÇÃO DO BLOCO B;11
FEEC- AMPLIAÇÃO DO BLOCO B;11
FEEC- AMPLIAÇÃO DO BLOCO B;11
FEEC- AMPLIAÇÃO DO BLOCO B;11
FEEC- ELEVADOR;10
FEEC- ELEVADOR;10
FEEC- ELEVADOR;10
FEEC- ELEVADOR;10
FEEC- ELEVADOR;10
FEEC- ELEVADOR;11
FEEC- ELEVADOR;11
FEEC- ELEVADOR;11
FEEC- ELEVADOR;11
FEEC- ELEVADOR;11
FEEC- ELEVADOR;11
FEEC- ELEVADOR;11
FEEC- ELEVADOR;11
FEEC- ELEVADOR;11
FEEC- LAB INTEGRADO EM TI E MULTIMÍDIA (FINEP);08
FEEC- LAB INTEGRADO EM TI E MULTIMÍDIA (FINEP);08
FEEC- LAB INTEGRADO EM TI E MULTIMÍDIA (FINEP);08
FEEC- LAB INTEGRADO EM TI E MULTIMÍDIA (FINEP);08
FEEC- LAB INTEGRADO EM TI E MULTIMÍDIA (FINEP);08
FEEC- LAB INTEGRADO EM TI E MULTIMÍDIA (FINEP);08
FEEC- LAB INTEGRADO EM TI E MULTIMÍDIA (FINEP);09
FEEC- LAB INTEGRADO EM TI E MULTIMÍDIA (FINEP);09
FEEC- LAB INTEGRADO EM TI E MULTIMÍDIA (FINEP);09
FEEC- LAB INTEGRADO EM TI E MULTIMÍDIA (FINEP);09
FEEC- LAB INTEGRADO EM TI E MULTIMÍDIA (FINEP);09
FEEC- LAB INTEGRADO EM TI E MULTIMÍDIA (FINEP);09
FEEC- LAB INTEGRADO EM TI E MULTIMÍDIA (FINEP);09
FEEC- LAB INTEGRADO EM TI E MULTIMÍDIA (FINEP);09
FEEC- LAB INTEGRADO EM TI E MULTIMÍDIA (FINEP);09
FEEC- LAB INTEGRADO EM TI E MULTIMÍDIA (FINEP);09
FEEC- LAB INTEGRADO EM TI E MULTIMÍDIA (FINEP);09
FEEC- LAB INTEGRADO EM TI E MULTIMÍDIA (FINEP);09
FEEC- LAB INTEGRADO EM TI E MULTIMÍDIA (FINEP);09
FEEC- LAB INTEGRADO EM TI E MULTIMÍDIA (FINEP);09
FEEC- LAB INTEGRADO EM TI E MULTIMÍDIA (FINEP);09
FEEC- LAB INTEGRADO EM TI E MULTIMÍDIA (FINEP);09
FEEC- LAB INTEGRADO EM TI E MULTIMÍDIA (FINEP);09
FEEC- LAB INTEGRADO EM TI E MULTIMÍDIA (FINEP);09
FEEC- LAB INTEGRADO EM TI E MULTIMÍDIA (FINEP);09
FEEC- LAB INTEGRADO EM TI E MULTIMÍDIA (FINEP);09
FEEC- LAB INTEGRADO EM TI E MULTIMÍDIA (FINEP);09
FEEC- LAB INTEGRADO EM TI E MULTIMÍDIA (FINEP);11
FEF- AMPLIAÇÃO NOVO GINÁSIO DA FEF;10
FEF- COBERTURA E EXECUÇÃO DE NOVO PISO PARA AS QUADRAS 10 A 13;10
FEF- COBERTURA E EXECUÇÃO DE NOVO PISO PARA AS QUADRAS 10 A 13;10
FEF- COBERTURA E EXECUÇÃO DE NOVO PISO PARA AS QUADRAS 10 A 13;10
FEF- COBERTURA E EXECUÇÃO DE NOVO PISO PARA AS QUADRAS 10 A 13;10
FEF- COBERTURA E EXECUÇÃO DE NOVO PISO PARA AS QUADRAS 10 A 13;10
FEF- COBERTURA E EXECUÇÃO DE NOVO PISO PARA AS QUADRAS 10 A 13;11
FEF- COBERTURA E EXECUÇÃO DE NOVO PISO PARA AS QUADRAS 10 A 13;11
FEF- COBERTURA E EXECUÇÃO DE NOVO PISO PARA AS QUADRAS 10 A 13;11
FEF- COBERTURA E EXECUÇÃO DE NOVO PISO PARA AS QUADRAS 10 A 13;11
FEF- COBERTURA E EXECUÇÃO DE NOVO PISO PARA AS QUADRAS 10 A 13;11
FEF- COBERTURA E EXECUÇÃO DE NOVO PISO PARA AS QUADRAS 10 A 13;11
FEF- COBERTURA E EXECUÇÃO DE NOVO PISO PARA AS QUADRAS 10 A 13;11
FEF- COBERTURA E EXECUÇÃO DE NOVO PISO PARA AS QUADRAS 10 A 13;11
FEF- ELEVADOR PRÉDIO BIBLIOTECA FEF;10
FEF- ELEVADOR PRÉDIO BIBLIOTECA FEF;10
FEF- ELEVADOR PRÉDIO BIBLIOTECA FEF;10
FEF- INFRAESTRUTURA DE COBERTURA E FECHAMENTO DAS PISCINAS DA FEF;10
FEF- INFRAESTRUTURA DE COBERTURA E FECHAMENTO DAS PISCINAS DA FEF;10
FEF- INFRAESTRUTURA DE COBERTURA E FECHAMENTO DAS PISCINAS DA FEF;11
FEF- NOVA PISCINA;09
FEF- NOVA PISCINA;09
FEF- NOVA PISCINA;10
FEF- NOVA PISCINA;11
FEF- NOVA PISCINA;11
FEF- NOVA PISCINA;11
FEF- NOVO GINÁSIO;08
FEF- NOVO GINÁSIO;08
FEF- NOVO GINÁSIO;08
FEF- NOVO GINÁSIO;08
FEF- NOVO GINÁSIO;08
FEF- NOVO GINÁSIO;08
FEF- NOVO GINÁSIO;08
FEF- NOVO GINÁSIO;08
FEF- NOVO GINÁSIO;08
FEF- NOVO GINÁSIO;08
FEF- NOVO GINÁSIO;08
FEF- NOVO GINÁSIO;08
FEF- NOVO GINÁSIO;08
FEF- NOVO GINÁSIO;08
FEF- NOVO GINÁSIO;09
FEF- NOVO GINÁSIO;09
FEF- NOVO GINÁSIO;09
FEF- NOVO GINÁSIO;09
FEF- NOVO GINÁSIO;09
FEF- NOVO GINÁSIO;09
FEF- NOVO GINÁSIO;09
FEF- NOVO GINÁSIO;09
FEF- NOVO GINÁSIO;09
FEF- NOVO GINÁSIO;09
FEF- NOVO GINÁSIO;09
FEF- NOVO GINÁSIO;09
FEF- NOVO GINÁSIO;09
FEF- NOVO GINÁSIO;09
FEF- NOVO GINÁSIO;09
FEF- NOVO GINÁSIO;09
FEF- NOVO GINÁSIO;09
FEF- NOVO GINÁSIO;09
FEF- NOVO GINÁSIO;09
FEF- NOVO GINÁSIO;09
FEF- NOVO GINÁSIO;09
FEF- NOVO GINÁSIO;09
FEF- NOVO GINÁSIO;10
FEF- NOVO GINÁSIO;10
FEF- NOVO GINÁSIO;10
FEF- NOVO GINÁSIO;10
FEF- NOVO GINÁSIO;10
FEF- NOVO GINÁSIO;10
FEF- NOVO GINÁSIO;10
FEF- NOVO GINÁSIO;11
FEF- NOVO GINÁSIO;11
FEF- NOVO GINÁSIO;11
FEF- NOVO GINÁSIO;11
FEF- NOVO GINÁSIO;11
FEF- NOVO GINÁSIO;11
FEF- NOVO GINÁSIO;11
FEF- REFORMA E COBERTURA DAS QUADRAS;10
FEF- REFORMA PISTA DE ATLETISMO;11
FEF- REFORMA QUADRAS DE 1 A 9;10
FEF- REFORMA QUADRAS DE 1 A 9;11
FEF- REFORMA QUADRAS DE 1 A 9;11
FEF- REFORMA QUADRAS DE 1 A 9;11
FEF- REFORMA QUADRAS DE 1 A 9;11
FEF- REFORMA QUADRAS DE 1 A 9;11
FEF- REFORMA QUADRAS DE 1 A 9;11
FEF- REFORMA QUADRAS DE 1 A 9;11
FEF- REFORMA QUADRAS DE 1 A 9;11
FEF- REFORMA QUADRAS DE 1 A 9;11
FEF- REFORMA VESTIÁRIO MASCULINO E QUADRA;10
FEF- REFORMA VESTIÁRIO MASCULINO E QUADRA;11
FEF- REMODELAÇÃO ENTRADA ENERGIA PRÉDIOS FEF;08
FEF- REMODELAÇÃO ENTRADA ENERGIA PRÉDIOS FEF;09
FEF- REMODELAÇÃO ENTRADA ENERGIA PRÉDIOS FEF;09
FEF- REMODELAÇÃO ENTRADA ENERGIA PRÉDIOS FEF;09
FEF- REMODELAÇÃO ENTRADA ENERGIA PRÉDIOS FEF;09
FEF- REMODELAÇÃO ENTRADA ENERGIA PRÉDIOS FEF;09
FEF- REMODELAÇÃO ENTRADA ENERGIA PRÉDIOS FEF;10
FEF- URBANIZAÇÃO ENTORNO NOVO GINÁSIO;09
FEF- URBANIZAÇÃO ENTORNO NOVO GINÁSIO;09
FEF- URBANIZAÇÃO ENTORNO NOVO GINÁSIO;09
FEF- URBANIZAÇÃO ENTORNO NOVO GINÁSIO;09
FEF- URBANIZAÇÃO ENTORNO NOVO GINÁSIO;09
FEF- URBANIZAÇÃO ENTORNO NOVO GINÁSIO;09
FEF- URBANIZAÇÃO ENTORNO NOVO GINÁSIO;09
FEF- URBANIZAÇÃO ENTORNO NOVO GINÁSIO;09
FEF- URBANIZAÇÃO ENTORNO NOVO GINÁSIO;09
FEF- URBANIZAÇÃO ENTORNO NOVO GINÁSIO;10
FEF- URBANIZAÇÃO ENTORNO NOVO GINÁSIO;10
FEF- URBANIZAÇÃO ENTORNO NOVO GINÁSIO;10
FEF- URBANIZAÇÃO ENTORNO NOVO GINÁSIO;10
FEF- URBANIZAÇÃO ENTORNO NOVO GINÁSIO;10
FEF- URBANIZAÇÃO ENTORNO NOVO GINÁSIO;10
FEF- URBANIZAÇÃO ENTORNO NOVO GINÁSIO;10
FEF- URBANIZAÇÃO ENTORNO NOVO GINÁSIO;10
FEF- URBANIZAÇÃO ENTORNO NOVO GINÁSIO;10
FEF- URBANIZAÇÃO ENTORNO NOVO GINÁSIO;10
FEF- URBANIZAÇÃO ENTORNO NOVO GINÁSIO;10
FEF- URBANIZAÇÃO ENTORNO NOVO GINÁSIO;10
FEF- URBANIZAÇÃO ENTORNO NOVO GINÁSIO;10
FEF- URBANIZAÇÃO ENTORNO NOVO GINÁSIO;10
FEF- URBANIZAÇÃO ENTORNO NOVO GINÁSIO;11
FEF- URBANIZAÇÃO ENTORNO NOVO GINÁSIO;11
FEF- URBANIZAÇÃO ENTORNO NOVO GINÁSIO;11
FEF- URBANIZAÇÃO ENTORNO NOVO GINÁSIO;11
FEF- URBANIZAÇÃO ENTORNO NOVO GINÁSIO;11
FEF- URBANIZAÇÃO ENTORNO NOVO GINÁSIO;11
FEF- URBANIZAÇÃO ENTORNO NOVO GINÁSIO;11
FEF- URBANIZAÇÃO ENTORNO NOVO GINÁSIO;11
FEF- URBANIZAÇÃO ENTORNO NOVO GINÁSIO;11
FEM- LAB PROCESSOS TÉRMICOS INDUSTRIAIS;09
FEM- LAB PROCESSOS TÉRMICOS INDUSTRIAIS;09
FEM- LAB PROCESSOS TÉRMICOS INDUSTRIAIS;09
FEM- LAB PROCESSOS TÉRMICOS INDUSTRIAIS;09
FEM- LAB PROCESSOS TÉRMICOS INDUSTRIAIS;09
FEM- LAB PROCESSOS TÉRMICOS INDUSTRIAIS;09
FEM- LAB PROCESSOS TÉRMICOS INDUSTRIAIS;09
FEM- LAB PROCESSOS TÉRMICOS INDUSTRIAIS;09
FEM- LAB PROCESSOS TÉRMICOS INDUSTRIAIS;09
FEM- LAB PROCESSOS TÉRMICOS INDUSTRIAIS;10
FEM- LAB PROCESSOS TÉRMICOS INDUSTRIAIS;10
FEM- LAB PROCESSOS TÉRMICOS INDUSTRIAIS;10
FEM- LAB PROCESSOS TÉRMICOS INDUSTRIAIS;10
FEM- LAB PROCESSOS TÉRMICOS INDUSTRIAIS;10
FEM- LAB PROCESSOS TÉRMICOS INDUSTRIAIS;11
FEM- LAB PROCESSOS TÉRMICOS INDUSTRIAIS;11
FEM- LAB PROCESSOS TÉRMICOS INDUSTRIAIS;11
FEM- LAB PROCESSOS TÉRMICOS INDUSTRIAIS;11
FEM- LAB PROCESSOS TÉRMICOS INDUSTRIAIS;11
FEM- PRÉDIOS QUADRA 28;10
FEM- PRÉDIOS QUADRA 47;08
FEM- PRÉDIOS QUADRA 47;08
FEM- PRÉDIOS QUADRA 47;08
FEM- PRÉDIOS QUADRA 47;08
FEM- PRÉDIOS QUADRA 47;08
FEM- PRÉDIOS QUADRA 47;08
FEM- PRÉDIOS QUADRA 47;08
FEM- PRÉDIOS QUADRA 47;08
FEM- PRÉDIOS QUADRA 47;08
FEM- PRÉDIOS QUADRA 47;08
FEM- PRÉDIOS QUADRA 47;08
FEM- PRÉDIOS QUADRA 47;08
FEM- PRÉDIOS QUADRA 47;08
FEM- PRÉDIOS QUADRA 47;08
FEM- PRÉDIOS QUADRA 47;08
FEM- PRÉDIOS QUADRA 47;08
FEM- PRÉDIOS QUADRA 47;08
FEM- PRÉDIOS QUADRA 47;08
FEM- PRÉDIOS QUADRA 47;08
FEM- PRÉDIOS QUADRA 47;08
FEM- PRÉDIOS QUADRA 47;08
FEM- PRÉDIOS QUADRA 47;08
FEM- PRÉDIOS QUADRA 47;08
FEM- PRÉDIOS QUADRA 47;08
FEM- PRÉDIOS QUADRA 47;08
FEM- PRÉDIOS QUADRA 47;08
FEM- PRÉDIOS QUADRA 47;08
FEM- PRÉDIOS QUADRA 47;08
FEM- PRÉDIOS QUADRA 47;09
FEM- PRÉDIOS QUADRA 47;09
FEM- PRÉDIOS QUADRA 47;09
FEM- PRÉDIOS QUADRA 47;09
FEM- PRÉDIOS QUADRA 47;09
FEM- PRÉDIOS QUADRA 47;09
FEM- PRÉDIOS QUADRA 47;09
FEM- PRÉDIOS QUADRA 47;09
FEM- PRÉDIOS QUADRA 47;09
FEM- PRÉDIOS QUADRA 47;09
FEM- PRÉDIOS QUADRA 47;09
FEM- PRÉDIOS QUADRA 47;09
FEM- PRÉDIOS QUADRA 47;09
FEM- PRÉDIOS QUADRA 47;09
FEM- PRÉDIOS QUADRA 47;09
FEM- PRÉDIOS QUADRA 47;09
FEM- PRÉDIOS QUADRA 47;09
FEM- PRÉDIOS QUADRA 47;09
FEM- PRÉDIOS QUADRA 47;09
FEM- PRÉDIOS QUADRA 47;09
FEM- PRÉDIOS QUADRA 47;09
FEM- PRÉDIOS QUADRA 47;09
FEM- PRÉDIOS QUADRA 47;09
FEM- PRÉDIOS QUADRA 47;09
FEM- PRÉDIOS QUADRA 47;09
FEM- PRÉDIOS QUADRA 47;09
FEM- PRÉDIOS QUADRA 47;09
FEM- PRÉDIOS QUADRA 47;09
FEM- PRÉDIOS QUADRA 47;09
FEM- PRÉDIOS QUADRA 47;09
FEM- PRÉDIOS QUADRA 47;09
FEM- PRÉDIOS QUADRA 47;09
FEM- PRÉDIOS QUADRA 47;09
FEM- PRÉDIOS QUADRA 47;09
FEM- PRÉDIOS QUADRA 47;09
FEM- PRÉDIOS QUADRA 47;09
FEM- PRÉDIOS QUADRA 47;09
FEM- PRÉDIOS QUADRA 47;09
FEM- PRÉDIOS QUADRA 47;09
FEM- PRÉDIOS QUADRA 47;09
FEM- PRÉDIOS QUADRA 47;09
FEM- PRÉDIOS QUADRA 47;09
FEM- PRÉDIOS QUADRA 47;09
FEM- PRÉDIOS QUADRA 47;09
FEM- PRÉDIOS QUADRA 47;09
FEM- PRÉDIOS QUADRA 47;09
FEM- PRÉDIOS QUADRA 47;09
FEM- PRÉDIOS QUADRA 47;09
FEM- PRÉDIOS QUADRA 47;09
FEM- PRÉDIOS QUADRA 47;09
FEM- PRÉDIOS QUADRA 47;09
FEM- PRÉDIOS QUADRA 47;09
FEM- PRÉDIOS QUADRA 47;09
FEM- PRÉDIOS QUADRA 47;09
FEM- PRÉDIOS QUADRA 47;09
FEM- PRÉDIOS QUADRA 47;09
FEM- PRÉDIOS QUADRA 47;09
FEM- PRÉDIOS QUADRA 47;09
FEM- PRÉDIOS QUADRA 47;09
FEM- PRÉDIOS QUADRA 47;09
FEM- PRÉDIOS QUADRA 47;09
FEM- PRÉDIOS QUADRA 47;09
FEM- PRÉDIOS QUADRA 47;09
FEM- PRÉDIOS QUADRA 47;09
FEM- PRÉDIOS QUADRA 47;09
FEM- PRÉDIOS QUADRA 47;09
FEM- PRÉDIOS QUADRA 47;09
FEM- PRÉDIOS QUADRA 47;10
FEM- PRÉDIOS QUADRA 47;10
FEM- PRÉDIOS QUADRA 47;10
FEM- PRÉDIOS QUADRA 47;10
FEM- PRÉDIOS QUADRA 47;10
FEM- PRÉDIOS QUADRA 47;10
FEM- PRÉDIOS QUADRA 47;10
FEM- PRÉDIOS QUADRA 47;10
FEM- PRÉDIOS QUADRA 47;10
FEM- PRÉDIOS QUADRA 47;10
FEM- PRÉDIOS QUADRA 47;10
FEM- PRÉDIOS QUADRA 47;10
FEM- PRÉDIOS QUADRA 47;10
FEM- PRÉDIOS QUADRA 47;10
FEM- PRÉDIOS QUADRA 47;10
FEM- PRÉDIOS QUADRA 47;11
FEM- PRÉDIOS QUADRA 47;11
FEM- PRÉDIOS QUADRA 47;11
FEM- PRÉDIOS QUADRA 47;11
FEM- PRÉDIOS QUADRA 47;11
FEM- PRÉDIOS QUADRA 47;11
FEM- PRÉDIOS QUADRA 47;11
FEM- PRÉDIOS QUADRA 47;11
FEM- PRÉDIOS QUADRA 47;11
FEM- PRÉDIOS QUADRA 47;11
FEM- PRÉDIOS QUADRA 47;11
FEM- PRÉDIOS QUADRA 47;11
FEM- PRÉDIOS QUADRA 47;11
FEM- PRÉDIOS QUADRA 47;11
FEM- PRÉDIOS QUADRA 47;11
FEM- PRÉDIOS QUADRA 47;11
FEM- PRÉDIOS QUADRA 47;11
FEM- PRÉDIOS QUADRA 47;11
FEM- PRÉDIOS QUADRA 47;11
FEM- PRÉDIOS QUADRA 47;11
FEM- PRÉDIOS QUADRA 47;11
FEM- PRÉDIOS QUADRA 47;11
FEM- PRÉDIOS QUADRA 47;11
FEM- PRÉDIOS QUADRA 47;11
FEM- PROJ ELÉTRICO LAB PESQUISA (FINEP);08
FEM- SALAS DE AULA- AMPLIAÇÃO PRÉDIO Q36-P59;11
FEM- SALAS DE AULA- AMPLIAÇÃO PRÉDIO Q36-P59;11
FEM- URBANIZAÇÃO QUADRA 28- 2 NOVOS PRÉDIOS;09
FEM- URBANIZAÇÃO QUADRA 28- 2 NOVOS PRÉDIOS;09
FEM- URBANIZAÇÃO QUADRA 28- 2 NOVOS PRÉDIOS;09
FEM- URBANIZAÇÃO QUADRA 28- 2 NOVOS PRÉDIOS;09
FEM- URBANIZAÇÃO QUADRA 28- 2 NOVOS PRÉDIOS;09
FEM- URBANIZAÇÃO QUADRA 28- 2 NOVOS PRÉDIOS;09
FEM- URBANIZAÇÃO QUADRA 28- 2 NOVOS PRÉDIOS;09
FEM- URBANIZAÇÃO QUADRA 28- 2 NOVOS PRÉDIOS;09
FEM- URBANIZAÇÃO QUADRA 28- 2 NOVOS PRÉDIOS;09
FEM- URBANIZAÇÃO QUADRA 28- 2 NOVOS PRÉDIOS;09
FEM- URBANIZAÇÃO QUADRA 28- 2 NOVOS PRÉDIOS;09
FEM- URBANIZAÇÃO QUADRA 28- 2 NOVOS PRÉDIOS;09
FEM- URBANIZAÇÃO QUADRA 28- 2 NOVOS PRÉDIOS;09
FEM- URBANIZAÇÃO QUADRA 28- 2 NOVOS PRÉDIOS;09
FEM- URBANIZAÇÃO QUADRA 28- 2 NOVOS PRÉDIOS;10
FEM- URBANIZAÇÃO QUADRA 28- 2 NOVOS PRÉDIOS;10
FEM- URBANIZAÇÃO QUADRA 28- 2 NOVOS PRÉDIOS;10
FEQ - LAB BIOCOMBUSTÍVEIS AVANÇADOS (CONV. SHELL);08
FEQ - LAB BIOCOMBUSTÍVEIS AVANÇADOS (CONV. SHELL);08
FEQ - LAB BIOCOMBUSTÍVEIS AVANÇADOS (CONV. SHELL);08
FEQ - LAB BIOCOMBUSTÍVEIS AVANÇADOS (CONV. SHELL);09
FEQ - LAB BIOCOMBUSTÍVEIS AVANÇADOS (CONV. SHELL);09
FEQ - LAB BIOCOMBUSTÍVEIS AVANÇADOS (CONV. SHELL);09
FEQ - LAB BIOCOMBUSTÍVEIS AVANÇADOS (CONV. SHELL);09
FEQ - LAB BIOCOMBUSTÍVEIS AVANÇADOS (CONV. SHELL);09
FEQ - LAB BIOCOMBUSTÍVEIS AVANÇADOS (CONV. SHELL);09
FEQ - LAB BIOCOMBUSTÍVEIS AVANÇADOS (CONV. SHELL);09
FEQ - LAB BIOCOMBUSTÍVEIS AVANÇADOS (CONV. SHELL);09
FEQ - LAB BIOCOMBUSTÍVEIS AVANÇADOS (CONV. SHELL);09
FEQ - LAB BIOCOMBUSTÍVEIS AVANÇADOS (CONV. SHELL);09
FEQ - LAB BIOCOMBUSTÍVEIS AVANÇADOS (CONV. SHELL);09
FEQ - LAB BIOCOMBUSTÍVEIS AVANÇADOS (CONV. SHELL);09
FEQ - LAB BIOCOMBUSTÍVEIS AVANÇADOS (CONV. SHELL);09
FEQ - LAB BIOCOMBUSTÍVEIS AVANÇADOS (CONV. SHELL);09
FEQ - LAB BIOCOMBUSTÍVEIS AVANÇADOS (CONV. SHELL);10
FEQ - LAB BIOCOMBUSTÍVEIS AVANÇADOS (CONV. SHELL);10
FEQ - LAB BIOCOMBUSTÍVEIS AVANÇADOS (CONV. SHELL);10
FEQ - LAB BIOCOMBUSTÍVEIS AVANÇADOS (CONV. SHELL);10
FEQ - LAB BIOCOMBUSTÍVEIS AVANÇADOS (CONV. SHELL);10
FEQ - LAB BIOCOMBUSTÍVEIS AVANÇADOS (CONV. SHELL);10
FEQ - LAB BIOCOMBUSTÍVEIS AVANÇADOS (CONV. SHELL);10
FEQ - LAB BIOCOMBUSTÍVEIS AVANÇADOS (CONV. SHELL);10
FEQ - LAB BIOCOMBUSTÍVEIS AVANÇADOS (CONV. SHELL);10
FEQ - LAB BIOCOMBUSTÍVEIS AVANÇADOS (CONV. SHELL);10
FEQ - LAB BIOCOMBUSTÍVEIS AVANÇADOS (CONV. SHELL);10
FEQ - LAB BIOCOMBUSTÍVEIS AVANÇADOS (CONV. SHELL);10
FEQ - LAB BIOCOMBUSTÍVEIS AVANÇADOS (CONV. SHELL);10
FEQ - LAB BIOCOMBUSTÍVEIS AVANÇADOS (CONV. SHELL);10
FEQ - LAB BIOCOMBUSTÍVEIS AVANÇADOS (CONV. SHELL);10
FEQ - LAB BIOCOMBUSTÍVEIS AVANÇADOS (CONV. SHELL);10
FEQ - LAB BIOCOMBUSTÍVEIS AVANÇADOS (CONV. SHELL);10
FEQ - LAB BIOCOMBUSTÍVEIS AVANÇADOS (CONV. SHELL);10
FEQ - LAB BIOCOMBUSTÍVEIS AVANÇADOS (CONV. SHELL);11
FEQ - LAB BIOCOMBUSTÍVEIS AVANÇADOS (CONV. SHELL);11
FEQ - LAB BIOCOMBUSTÍVEIS AVANÇADOS (CONV. SHELL);11
FEQ - LAB BIOCOMBUSTÍVEIS AVANÇADOS (CONV. SHELL);11
FEQ - LAB BIOCOMBUSTÍVEIS AVANÇADOS (CONV. SHELL);11
FEQ - LABORATÓRIO LPETROPES;08
FEQ - LABORATÓRIO LPETROPES;08
FEQ - LABORATÓRIO LPETROPES;08
FEQ - LABORATÓRIO LPETROPES;08
FEQ - LABORATÓRIO LPETROPES;08
FEQ - LABORATÓRIO LPETROPES;08
FEQ - LABORATÓRIO LPETROPES;08
FEQ - LABORATÓRIO LPETROPES;08
FEQ - LABORATÓRIO LPETROPES;08
FEQ - LABORATÓRIO LPETROPES;08
FEQ - LABORATÓRIO LPETROPES;09
FEQ - LABORATÓRIO LPETROPES;09
FEQ - LABORATÓRIO LPETROPES;09
FEQ - LABORATÓRIO LPETROPES;09
FEQ - LABORATÓRIO LPETROPES;09
FEQ - LABORATÓRIO LPETROPES;10
FEQ - LABORATÓRIO LPETROPES;10
FEQ - LABORATÓRIO LPETROPES;11
FEQ - LABORATÓRIO LPETROPES;11
FEQ - LABORATÓRIO LPETROPES;11
FEQ - LABORATÓRIO LPETROPES;11
FEQ - LABORATÓRIO LPETROPES;11
FEQ - REFORMA BARRACÃO;08
FEQ - REFORMA BARRACÃO;08
FEQ - REFORMA BARRACÃO;09
FEQ- AMPLIAÇÃO ESTACIONAMENTO;09
FEQ- BLOCO DE SALAS DE AULAS;11
FEQ- BLOCO DE SALAS DE AULAS;11
FEQ- BLOCO DE SALAS DE AULAS;11
FEQ- LABORATÓRIO DE BIODEGRADAÇÃO DE POLÍMEROS;09
FEQ- LABORATÓRIO DE BIODEGRADAÇÃO DE POLÍMEROS;10
FEQ- LABORATÓRIO DE BIODEGRADAÇÃO DE POLÍMEROS;10
FEQ- LABORATÓRIO DE BIODEGRADAÇÃO DE POLÍMEROS;11
FEQ- LABORATÓRIO DE BIODEGRADAÇÃO DE POLÍMEROS;11
FEQ- LABORATÓRIO DE BIODEGRADAÇÃO DE POLÍMEROS;11
FEQ- LABORATÓRIO DE BIODEGRADAÇÃO DE POLÍMEROS;11
FEQ- LRAC- LABORATÓRIO DE RECURSOS ANALÍTICOS E CALIBRAÇÃO;08
FEQ- LRAC- LABORATÓRIO DE RECURSOS ANALÍTICOS E CALIBRAÇÃO;09
FEQ- LRAC- LABORATÓRIO DE RECURSOS ANALÍTICOS E CALIBRAÇÃO;10
FEQ- LRAC- LABORATÓRIO DE RECURSOS ANALÍTICOS E CALIBRAÇÃO;10
FEQ- LRAC- LABORATÓRIO DE RECURSOS ANALÍTICOS E CALIBRAÇÃO;10
FEQ- LRAC- LABORATÓRIO DE RECURSOS ANALÍTICOS E CALIBRAÇÃO;11
FEQ- LRAC- LABORATÓRIO DE RECURSOS ANALÍTICOS E CALIBRAÇÃO;11
FEQ- LRAC- LABORATÓRIO DE RECURSOS ANALÍTICOS E CALIBRAÇÃO;11
FEQ- LRAC- LABORATÓRIO DE RECURSOS ANALÍTICOS E CALIBRAÇÃO;11
FEQ- LRAC- LABORATÓRIO DE RECURSOS ANALÍTICOS E CALIBRAÇÃO;11
FEQ- LRAC- LABORATÓRIO DE RECURSOS ANALÍTICOS E CALIBRAÇÃO;11
FEQ- LRAC- LABORATÓRIO DE RECURSOS ANALÍTICOS E CALIBRAÇÃO;11
FEQ- LRAC- LABORATÓRIO DE RECURSOS ANALÍTICOS E CALIBRAÇÃO;11
FEQ- REFORMA E AMPLIAÇÃO CAFEQ/PROPEQ;08
FEQ- REFORMA E AMPLIAÇÃO CAFEQ/PROPEQ;08
FEQ- REFORMA E AMPLIAÇÃO DO BARRACÃO OFICINA;11
FEQ- REFORMA E AMPLIAÇÃO DO BARRACÃO OFICINA;11
FOP- CENTRO CLÍNICO;08
FOP- CENTRO CLÍNICO;09
FOP- CENTRO CLÍNICO;09
FOP- CENTRO CLÍNICO;10
FOP- CENTRO CLÍNICO;10
FOP- CENTRO CLÍNICO;10
FOP- CENTRO CLÍNICO;10
FOP- CENTRO CLÍNICO;10
FOP- CENTRO CLÍNICO;10
FOP- CENTRO CLÍNICO;10
FOP- CENTRO CLÍNICO;11
FOP- CENTRO CLÍNICO;11
FOP- CENTRO CLÍNICO;11
FOP- CENTRO CLÍNICO;11
FOP- CENTRO CLÍNICO;11
FOP- CENTRO CLÍNICO;11
FOP- CENTRO CLÍNICO;11
FOP- CLIMATIZAÇÃO DA ÁREA CLÍNICA DE GRADUAÇÃO;10
FOP- CLIMATIZAÇÃO DA ÁREA CLÍNICA DE GRADUAÇÃO;11
FOP- COBERTURA QUADRA ESPORTES;09
FOP- COBERTURA QUADRA ESPORTES;10
FOP- COBERTURA QUADRA ESPORTES;11
FOP- COBERTURA QUADRA ESPORTES;11
FOP- COBERTURA QUADRA ESPORTES;11
FOP- LABORATÓRIO DE PRÉ-CLÍNICA;11
FOP- LABORATÓRIO DE PRÉ-CLÍNICA;11
FOP- LABORATÓRIO DE PRÉ-CLÍNICA;11
FOP- REFORMA AUDITÓRIO;08
FOP- REFORMA INSTALAÇÕES HIDRÁULICAS;11
FOP- SALAS DE AULA- AMPL PREDIO ADMINISTR;08
FOP- SALAS DE AULA- AMPL PREDIO ADMINISTR;08
FOP- SALAS DE AULA- AMPL PREDIO ADMINISTR;10
FOP- SALAS DE AULA- AMPL PREDIO ADMINISTR;11
FOP- SALAS DE AULA- AMPL PREDIO ADMINISTR;11
FOP- SALAS DE AULA- AMPL PREDIO ADMINISTR;11
FT- PRÉDIO ADMINISTR DA PÓS GRADUAÇÃO;08
FT- PRÉDIO ADMINISTR DA PÓS GRADUAÇÃO;10
FT- PRÉDIO ADMINISTR DA PÓS GRADUAÇÃO;10
FT- PRÉDIO ADMINISTR DA PÓS GRADUAÇÃO;10
FT- PRÉDIO ADMINISTR DA PÓS GRADUAÇÃO;11
GASTRO- AME- AMBULATÓRIO MÉDICO DE ESPECIALIDADES;10
GASTRO- AME- AMBULATÓRIO MÉDICO DE ESPECIALIDADES;10
GASTRO- AME- AMBULATÓRIO MÉDICO DE ESPECIALIDADES;10
GASTRO- AME- AMBULATÓRIO MÉDICO DE ESPECIALIDADES;10
GASTRO- REFORMA E AMPLIAÇÃO DO GASTROCENTRO;09
GASTRO- REFORMA E AMPLIAÇÃO DO GASTROCENTRO;09
GASTRO- REFORMA E AMPLIAÇÃO DO GASTROCENTRO;09
GASTRO- REFORMA E AMPLIAÇÃO DO GASTROCENTRO;09
GASTRO- REFORMA E AMPLIAÇÃO DO GASTROCENTRO;09
GASTRO- REFORMA E AMPLIAÇÃO DO GASTROCENTRO;09
GASTRO- REFORMA E AMPLIAÇÃO DO GASTROCENTRO;09
GASTRO- REFORMA E AMPLIAÇÃO DO GASTROCENTRO;09
GASTRO- REFORMA E AMPLIAÇÃO DO GASTROCENTRO;09
GASTRO- REFORMA E AMPLIAÇÃO DO GASTROCENTRO;10
GASTRO- REFORMA E AMPLIAÇÃO DO GASTROCENTRO;10
GASTRO- REFORMA E AMPLIAÇÃO DO GASTROCENTRO;10
GASTRO- REFORMA E AMPLIAÇÃO DO GASTROCENTRO;10
GASTRO- REFORMA E AMPLIAÇÃO DO GASTROCENTRO;10
GASTRO- REFORMA E AMPLIAÇÃO DO GASTROCENTRO;10
GASTRO- REFORMA E AMPLIAÇÃO DO GASTROCENTRO;10
GASTRO- REFORMA E AMPLIAÇÃO DO GASTROCENTRO;10
GASTRO- REFORMA E AMPLIAÇÃO DO GASTROCENTRO;10
GASTRO- REFORMA E AMPLIAÇÃO DO GASTROCENTRO;10
GASTRO- REFORMA E AMPLIAÇÃO DO GASTROCENTRO;10
GASTRO- REFORMA E AMPLIAÇÃO DO GASTROCENTRO;10
GASTRO- REFORMA E AMPLIAÇÃO DO GASTROCENTRO;10
GASTRO- REFORMA E AMPLIAÇÃO DO GASTROCENTRO;10
GASTROCENTRO- REFORMA SANITÁRIOS;10
GASTROCENTRO- REFORMA SANITÁRIOS;10
GASTROCENTRO- REFORMA SANITÁRIOS;10
GASTROCENTRO- REFORMA SANITÁRIOS;10
GASTROCENTRO- REFORMA SANITÁRIOS;10
GASTROCENTRO- REFORMA SANITÁRIOS;10
GASTROCENTRO- REFORMA SANITÁRIOS;10
GASTROCENTRO- REFORMA SANITÁRIOS;11
GASTROCENTRO- REFORMA SANITÁRIOS;11
GASTROCENTRO- REFORMA SANITÁRIOS;11
GASTROCENTRO- REFORMA SANITÁRIOS;11
GASTROCENTRO- REFORMA SANITÁRIOS;11
GASTROCENTRO- REFORMA SANITÁRIOS;11
GASTROCENTRO- REFORMA SANITÁRIOS;11
GASTROCENTRO- REFORMA SANITÁRIOS;11
GASTROCENTRO- REFORMA SANITÁRIOS;11
GASTROCENTRO- REFORMA SANITÁRIOS;11
GASTROCENTRO- REFORMA SANITÁRIOS;11
GASTROCENTRO- REFORMA SANITÁRIOS;11
GASTROCENTRO- REFORMA SANITÁRIOS;11
GGBS- REFORMA INTERNA;10
GGBS- REFORMA INTERNA;10
GGBS- REFORMA INTERNA;10
HC - UER;09
HC - UER;09
HC - UER;10
HC - UER;10
HC- READEQUAÇÃO ESTACIONAMENTO DO HC;10
HC- READEQUAÇÃO ESTACIONAMENTO DO HC;11
HC- READEQUAÇÃO ESTACIONAMENTO DO HC;11
HC- READEQUAÇÃO ESTACIONAMENTO DO HC;11
HC- REFORMA E AMPLIAÇÃO DO BAZAR E FARMÁCIA DE ALTO CUSTO;10
HC- REFORMA E AMPLIAÇÃO DO BAZAR E FARMÁCIA DE ALTO CUSTO;11
HC- REFORMA E AMPLIAÇÃO DO BAZAR E FARMÁCIA DE ALTO CUSTO;11
HC- REFORMA E AMPLIAÇÃO DO BAZAR E FARMÁCIA DE ALTO CUSTO;11
HEMOCENTRO - AMPLIAÇÃO PARA ADMINISTRAÇÃO E LAB CIENTÍFICO;09
HEMOCENTRO - AMPLIAÇÃO PARA ADMINISTRAÇÃO E LAB CIENTÍFICO;10
HEMOCENTRO - AMPLIAÇÃO PARA ADMINISTRAÇÃO E LAB CIENTÍFICO;10
HEMOCENTRO - AMPLIAÇÃO PARA ADMINISTRAÇÃO E LAB CIENTÍFICO;10
HEMOCENTRO - AMPLIAÇÃO PARA ADMINISTRAÇÃO E LAB CIENTÍFICO;10
HEMOCENTRO - AMPLIAÇÃO PARA ADMINISTRAÇÃO E LAB CIENTÍFICO;10
HEMOCENTRO - AMPLIAÇÃO PARA ADMINISTRAÇÃO E LAB CIENTÍFICO;10
HEMOCENTRO - AMPLIAÇÃO PARA ADMINISTRAÇÃO E LAB CIENTÍFICO;10
HEMOCENTRO - AMPLIAÇÃO PARA ADMINISTRAÇÃO E LAB CIENTÍFICO;10
HEMOCENTRO - AMPLIAÇÃO PARA ADMINISTRAÇÃO E LAB CIENTÍFICO;10
HEMOCENTRO - AMPLIAÇÃO PARA ADMINISTRAÇÃO E LAB CIENTÍFICO;10
HEMOCENTRO - AMPLIAÇÃO PARA ADMINISTRAÇÃO E LAB CIENTÍFICO;10
HEMOCENTRO - AMPLIAÇÃO PARA ADMINISTRAÇÃO E LAB CIENTÍFICO;10
HEMOCENTRO - AMPLIAÇÃO PARA ADMINISTRAÇÃO E LAB CIENTÍFICO;10
HEMOCENTRO - AMPLIAÇÃO PARA ADMINISTRAÇÃO E LAB CIENTÍFICO;10
HEMOCENTRO - AMPLIAÇÃO PARA ADMINISTRAÇÃO E LAB CIENTÍFICO;10
HEMOCENTRO - AMPLIAÇÃO PARA ADMINISTRAÇÃO E LAB CIENTÍFICO;10
HEMOCENTRO - AMPLIAÇÃO PARA ADMINISTRAÇÃO E LAB CIENTÍFICO;10
HEMOCENTRO - AMPLIAÇÃO PARA ADMINISTRAÇÃO E LAB CIENTÍFICO;11
HEMOCENTRO - AMPLIAÇÃO PARA ADMINISTRAÇÃO E LAB CIENTÍFICO;11
HEMOCENTRO - AMPLIAÇÃO PARA ADMINISTRAÇÃO E LAB CIENTÍFICO;11
HEMOCENTRO - AMPLIAÇÃO PARA ADMINISTRAÇÃO E LAB CIENTÍFICO;11
HEMOCENTRO - AMPLIAÇÃO PARA ADMINISTRAÇÃO E LAB CIENTÍFICO;11
HEMOCENTRO - AMPLIAÇÃO PARA ADMINISTRAÇÃO E LAB CIENTÍFICO;11
HEMOCENTRO - AMPLIAÇÃO PARA ADMINISTRAÇÃO E LAB CIENTÍFICO;11
HEMOCENTRO - AMPLIAÇÃO PARA ADMINISTRAÇÃO E LAB CIENTÍFICO;11
HEMOCENTRO - AMPLIAÇÃO PARA ADMINISTRAÇÃO E LAB CIENTÍFICO;11
HEMOCENTRO - AMPLIAÇÃO PARA ADMINISTRAÇÃO E LAB CIENTÍFICO;11
HEMOCENTRO - AMPLIAÇÃO PARA ADMINISTRAÇÃO E LAB CIENTÍFICO;11
HEMOCENTRO - AMPLIAÇÃO PARA ADMINISTRAÇÃO E LAB CIENTÍFICO;11
HEMOCENTRO - AMPLIAÇÃO PARA ADMINISTRAÇÃO E LAB CIENTÍFICO;11
HEMOCENTRO - PPCI PARA O HEMOCENTRO;09
HEMOCENTRO - PPCI PARA O HEMOCENTRO;10
HEMOCENTRO - PPCI PARA O HEMOCENTRO;10
HEMOCENTRO - PPCI PARA O HEMOCENTRO;10
HEMOCENTRO - PPCI PARA O HEMOCENTRO;10
HEMOCENTRO - PPCI PARA O HEMOCENTRO;11
HEMOCENTRO - PPCI PARA O HEMOCENTRO;11
HEMOCENTRO - PPCI PARA O HEMOCENTRO;11
HEMOCENTRO - PPCI PARA O HEMOCENTRO;11
HEMOCENTRO - PPCI PARA O HEMOCENTRO;11
HEMOCENTRO - PPCI PARA O HEMOCENTRO;11
HEMOCENTRO- ALIMENTAÇÃO ELÉTRICA PRÉDIO LAVAGEM E REMODELAÇÃO DA CABINE DE FORÇA;08
HEMOCENTRO- ALIMENTAÇÃO ELÉTRICA PRÉDIO LAVAGEM E REMODELAÇÃO DA CABINE DE FORÇA;08
HEMOCENTRO- ALIMENTAÇÃO ELÉTRICA PRÉDIO LAVAGEM E REMODELAÇÃO DA CABINE DE FORÇA;08
HEMOCENTRO- ALIMENTAÇÃO ELÉTRICA PRÉDIO LAVAGEM E REMODELAÇÃO DA CABINE DE FORÇA;09
HEMOCENTRO- ALIMENTAÇÃO ELÉTRICA PRÉDIO LAVAGEM E REMODELAÇÃO DA CABINE DE FORÇA;09
HEMOCENTRO- ALIMENTAÇÃO ELÉTRICA PRÉDIO LAVAGEM E REMODELAÇÃO DA CABINE DE FORÇA;09
HEMOCENTRO- ALIMENTAÇÃO ELÉTRICA PRÉDIO LAVAGEM E REMODELAÇÃO DA CABINE DE FORÇA;09
HEMOCENTRO- ALIMENTAÇÃO ELÉTRICA PRÉDIO LAVAGEM E REMODELAÇÃO DA CABINE DE FORÇA;09
HEMOCENTRO- ALIMENTAÇÃO ELÉTRICA PRÉDIO LAVAGEM E REMODELAÇÃO DA CABINE DE FORÇA;09
HEMOCENTRO- ALIMENTAÇÃO ELÉTRICA PRÉDIO LAVAGEM E REMODELAÇÃO DA CABINE DE FORÇA;09
HEMOCENTRO- ALIMENTAÇÃO ELÉTRICA PRÉDIO LAVAGEM E REMODELAÇÃO DA CABINE DE FORÇA;09
HEMOCENTRO- ALIMENTAÇÃO ELÉTRICA PRÉDIO LAVAGEM E REMODELAÇÃO DA CABINE DE FORÇA;09
HEMOCENTRO- ALIMENTAÇÃO ELÉTRICA PRÉDIO LAVAGEM E REMODELAÇÃO DA CABINE DE FORÇA;09
HEMOCENTRO- ALIMENTAÇÃO ELÉTRICA PRÉDIO LAVAGEM E REMODELAÇÃO DA CABINE DE FORÇA;09
HEMOCENTRO- ALIMENTAÇÃO ELÉTRICA PRÉDIO LAVAGEM E REMODELAÇÃO DA CABINE DE FORÇA;09
HEMOCENTRO- ALIMENTAÇÃO ELÉTRICA PRÉDIO LAVAGEM E REMODELAÇÃO DA CABINE DE FORÇA;09
HEMOCENTRO- ALIMENTAÇÃO ELÉTRICA PRÉDIO LAVAGEM E REMODELAÇÃO DA CABINE DE FORÇA;09
HEMOCENTRO- ALIMENTAÇÃO ELÉTRICA PRÉDIO LAVAGEM E REMODELAÇÃO DA CABINE DE FORÇA;09
HEMOCENTRO- ALIMENTAÇÃO ELÉTRICA PRÉDIO LAVAGEM E REMODELAÇÃO DA CABINE DE FORÇA;10
HEMOCENTRO- ALIMENTAÇÃO ELÉTRICA PRÉDIO LAVAGEM E REMODELAÇÃO DA CABINE DE FORÇA;10
HEMOCENTRO- CONSTRUÇÃO ANEXO III;11
HEMOCENTRO- CONSTRUÇÃO DE BIOTÉRIO E SALA DE CULTURA;10
HEMOCENTRO- CONSTRUÇÃO DE BIOTÉRIO E SALA DE CULTURA;11
HEMOCENTRO- CONSTRUÇÃO DE BIOTÉRIO E SALA DE CULTURA;11
HEMOCENTRO- CONSTRUÇÃO DE BIOTÉRIO E SALA DE CULTURA;11
HEMOCENTRO- CONSTRUÇÃO DE BIOTÉRIO E SALA DE CULTURA;11
HEMOCENTRO- CONSTRUÇÃO DE BIOTÉRIO E SALA DE CULTURA;11
HEMOCENTRO- CONSTRUÇÃO SALA DE CULTURA HEMOSTASIA;08
HEMOCENTRO- CONSTRUÇÃO SALA DE CULTURA HEMOSTASIA;08
HEMOCENTRO- CONSTRUÇÃO SALA DE CULTURA HEMOSTASIA;08
HEMOCENTRO- CONSTRUÇÃO SALA DE CULTURA HEMOSTASIA;08
HEMOCENTRO- CONSTRUÇÃO SALA DE CULTURA HEMOSTASIA;08
HEMOCENTRO- CONSTRUÇÃO SALA DE CULTURA HEMOSTASIA;08
HEMOCENTRO- HOSPITAL HEMATOLÓGICO;08
HEMOCENTRO- HOSPITAL HEMATOLÓGICO;08
HEMOCENTRO- HOSPITAL HEMATOLÓGICO;08
HEMOCENTRO- HOSPITAL HEMATOLÓGICO;08
HEMOCENTRO- HOSPITAL HEMATOLÓGICO;08
HEMOCENTRO- HOSPITAL HEMATOLÓGICO;08
HEMOCENTRO- HOSPITAL HEMATOLÓGICO;08
HEMOCENTRO- HOSPITAL HEMATOLÓGICO;09
HEMOCENTRO- HOSPITAL HEMATOLÓGICO;09
HEMOCENTRO- HOSPITAL HEMATOLÓGICO;09
HEMOCENTRO- HOSPITAL HEMATOLÓGICO;09
HEMOCENTRO- HOSPITAL HEMATOLÓGICO;09
HEMOCENTRO- HOSPITAL HEMATOLÓGICO;09
HEMOCENTRO- HOSPITAL HEMATOLÓGICO;09
HEMOCENTRO- HOSPITAL HEMATOLÓGICO;09
HEMOCENTRO- HOSPITAL HEMATOLÓGICO;09
HEMOCENTRO- HOSPITAL HEMATOLÓGICO;09
HEMOCENTRO- HOSPITAL HEMATOLÓGICO;09
HEMOCENTRO- HOSPITAL HEMATOLÓGICO;09
HEMOCENTRO- HOSPITAL HEMATOLÓGICO;09
HEMOCENTRO- HOSPITAL HEMATOLÓGICO;09
HEMOCENTRO- HOSPITAL HEMATOLÓGICO;09
HEMOCENTRO- HOSPITAL HEMATOLÓGICO;09
HEMOCENTRO- HOSPITAL HEMATOLÓGICO;09
HEMOCENTRO- HOSPITAL HEMATOLÓGICO;09
HEMOCENTRO- HOSPITAL HEMATOLÓGICO;09
HEMOCENTRO- HOSPITAL HEMATOLÓGICO;10
HEMOCENTRO- HOSPITAL HEMATOLÓGICO;10
HEMOCENTRO- HOSPITAL HEMATOLÓGICO;10
HEMOCENTRO- HOSPITAL HEMATOLÓGICO;10
HEMOCENTRO- HOSPITAL HEMATOLÓGICO;10
HEMOCENTRO- HOSPITAL HEMATOLÓGICO;10
HEMOCENTRO- HOSPITAL HEMATOLÓGICO;10
HEMOCENTRO- HOSPITAL HEMATOLÓGICO;10
HEMOCENTRO- HOSPITAL HEMATOLÓGICO;10
HEMOCENTRO- HOSPITAL HEMATOLÓGICO;10
HEMOCENTRO- HOSPITAL HEMATOLÓGICO;10
HEMOCENTRO- HOSPITAL HEMATOLÓGICO;10
HEMOCENTRO- HOSPITAL HEMATOLÓGICO;10
HEMOCENTRO- HOSPITAL HEMATOLÓGICO;10
HEMOCENTRO- HOSPITAL HEMATOLÓGICO;10
HEMOCENTRO- HOSPITAL HEMATOLÓGICO;10
HEMOCENTRO- HOSPITAL HEMATOLÓGICO;10
HEMOCENTRO- HOSPITAL HEMATOLÓGICO;10
HEMOCENTRO- HOSPITAL HEMATOLÓGICO;11
HEMOCENTRO- HOSPITAL HEMATOLÓGICO;11
HEMOCENTRO- HOSPITAL HEMATOLÓGICO;11
HEMOCENTRO- HOSPITAL HEMATOLÓGICO;11
HEMOCENTRO- HOSPITAL HEMATOLÓGICO;11
HEMOCENTRO- HOSPITAL HEMATOLÓGICO;11
HEMOCENTRO- HOSPITAL HEMATOLÓGICO;11
HEMOCENTRO- HOSPITAL HEMATOLÓGICO;11
HEMOCENTRO- HOSPITAL HEMATOLÓGICO;11
HEMOCENTRO- HOSPITAL HEMATOLÓGICO;11
HEMOCENTRO- HOSPITAL HEMATOLÓGICO;11
HEMOCENTRO- HOSPITAL HEMATOLÓGICO;11
HEMOCENTRO- HOSPITAL HEMATOLÓGICO;11
HEMOCENTRO- HOSPITAL HEMATOLÓGICO;11
HEMOCENTRO- HOSPITAL HEMATOLÓGICO;11
HEMOCENTRO- HOSPITAL HEMATOLÓGICO;11
HEMOCENTRO- HOSPITAL HEMATOLÓGICO;11
HEMOCENTRO- HOSPITAL HEMATOLÓGICO;11
HEMOCENTRO- HUMANIZAÇÃO E MELHORIA ACESSOS INTERNOS;08
HEMOCENTRO- HUMANIZAÇÃO E MELHORIA ACESSOS INTERNOS;08
HEMOCENTRO- HUMANIZAÇÃO E MELHORIA ACESSOS INTERNOS;10
HEMOCENTRO- HUMANIZAÇÃO E MELHORIA ACESSOS INTERNOS;10
HEMOCENTRO- HUMANIZAÇÃO E MELHORIA ACESSOS INTERNOS;10
HEMOCENTRO- HUMANIZAÇÃO E MELHORIA ACESSOS INTERNOS;10
HEMOCENTRO- HUMANIZAÇÃO E MELHORIA ACESSOS INTERNOS;10
HEMOCENTRO- HUMANIZAÇÃO E MELHORIA ACESSOS INTERNOS;11
HEMOCENTRO- HUMANIZAÇÃO E MELHORIA ACESSOS INTERNOS;11
HEMOCENTRO- HUMANIZAÇÃO E MELHORIA ACESSOS INTERNOS;11
HEMOCENTRO- HUMANIZAÇÃO E MELHORIA ACESSOS INTERNOS;11
HEMOCENTRO- HUMANIZAÇÃO E MELHORIA ACESSOS INTERNOS;11
HEMOCENTRO- NOVO PRÉDIO PARA COORDENADORIA, METROLOGIA E REFEITÓRIO;10
HEMOCENTRO- NOVO PRÉDIO PARA COORDENADORIA, METROLOGIA E REFEITÓRIO;10
HEMOCENTRO- NOVO PRÉDIO PARA COORDENADORIA, METROLOGIA E REFEITÓRIO;10
HEMOCENTRO- NOVO PRÉDIO PARA COORDENADORIA, METROLOGIA E REFEITÓRIO;10
HEMOCENTRO- NOVO PRÉDIO PARA COORDENADORIA, METROLOGIA E REFEITÓRIO;10
HEMOCENTRO- NOVO PRÉDIO PARA COORDENADORIA, METROLOGIA E REFEITÓRIO;10
HEMOCENTRO- NOVO PRÉDIO PARA COORDENADORIA, METROLOGIA E REFEITÓRIO;10
HEMOCENTRO- NOVO PRÉDIO PARA COORDENADORIA, METROLOGIA E REFEITÓRIO;10
HEMOCENTRO- NOVO PRÉDIO PARA COORDENADORIA, METROLOGIA E REFEITÓRIO;11
HEMOCENTRO- NOVO PRÉDIO PARA COORDENADORIA, METROLOGIA E REFEITÓRIO;11
HEMOCENTRO- NOVO PRÉDIO PARA COORDENADORIA, METROLOGIA E REFEITÓRIO;11
HEMOCENTRO- NOVO PRÉDIO PARA COORDENADORIA, METROLOGIA E REFEITÓRIO;11
HEMOCENTRO- NOVO PRÉDIO PARA COORDENADORIA, METROLOGIA E REFEITÓRIO;11
HEMOCENTRO- NOVO PRÉDIO PARA COORDENADORIA, METROLOGIA E REFEITÓRIO;11
HEMOCENTRO- NOVO PRÉDIO PARA COORDENADORIA, METROLOGIA E REFEITÓRIO;11
HEMOCENTRO- NOVO PRÉDIO PARA COORDENADORIA, METROLOGIA E REFEITÓRIO;11
HEMOCENTRO- NOVO PRÉDIO PARA COORDENADORIA, METROLOGIA E REFEITÓRIO;11
HEMOCENTRO- REFORMA HALL ENTRADA E SANITÁRIOS;09
HEMOCENTRO- REFORMA HALL ENTRADA E SANITÁRIOS;10
HEMOCENTRO- REFORMA HALL ENTRADA E SANITÁRIOS;10
HEMOCENTRO- REFORMA HALL ENTRADA E SANITÁRIOS;10
HEMOCENTRO- REFORMA HALL ENTRADA E SANITÁRIOS;10
HEMOCENTRO- REFORMA HALL ENTRADA E SANITÁRIOS;10
HEMOCENTRO- REFORMA HALL ENTRADA E SANITÁRIOS;10
HEMOCENTRO- REFORMA HALL ENTRADA E SANITÁRIOS;10
HEMOCENTRO- REFORMA HALL ENTRADA E SANITÁRIOS;10
HEMOCENTRO- REFORMA HALL ENTRADA E SANITÁRIOS;10
HEMOCENTRO- REFORMA HALL ENTRADA E SANITÁRIOS;11
HEMOCENTRO- REFORMA HALL ENTRADA E SANITÁRIOS;11
HEMOCENTRO- REFORMA HALL ENTRADA E SANITÁRIOS;11
HEMOCENTRO- REFORMA HALL ENTRADA E SANITÁRIOS;11
HEMOCENTRO- REMODELAÇÃO ENTRADA DE ENERGIA PARA O HEMOCENTRO;11
HEMOCENTRO- REMODELAÇÃO ENTRADA DE ENERGIA PARA O HEMOCENTRO;11
HEMOCENTRO- REMODELAÇÃO ENTRADA DE ENERGIA PARA O HEMOCENTRO;11
IA - REFORMA E AMPLIAÇÃO DEP ARTES CÊNICAS NO PAV 2 DO IA;08
IA - REFORMA E AMPLIAÇÃO DEP ARTES CÊNICAS NO PAV 2 DO IA;08
IA - REFORMA E AMPLIAÇÃO DEP ARTES CÊNICAS NO PAV 2 DO IA;09
IA- 1A ETAPA DO TEATRO - TEATRO;08
IA- 1A ETAPA DO TEATRO - TEATRO;08
IA- 1A ETAPA DO TEATRO - TEATRO;08
IA- 1A ETAPA DO TEATRO - TEATRO;08
IA- 1A ETAPA DO TEATRO - TEATRO;08
IA- 1A ETAPA DO TEATRO - TEATRO;08
IA- 1A ETAPA DO TEATRO - TEATRO;08
IA- 1A ETAPA DO TEATRO - TEATRO;08
IA- 1A ETAPA DO TEATRO - TEATRO;08
IA- 1A ETAPA DO TEATRO - TEATRO;08
IA- 1A ETAPA DO TEATRO - TEATRO;08
IA- 1A ETAPA DO TEATRO - TEATRO;08
IA- 1A ETAPA DO TEATRO - TEATRO;08
IA- 1A ETAPA DO TEATRO - TEATRO;08
IA- 1A ETAPA DO TEATRO - TEATRO;08
IA- 1A ETAPA DO TEATRO - TEATRO;09
IA- 1A ETAPA DO TEATRO - TEATRO;09
IA- 1A ETAPA DO TEATRO - TEATRO;09
IA- 1A ETAPA DO TEATRO - TEATRO;09
IA- 1A ETAPA DO TEATRO - TEATRO;09
IA- 1A ETAPA DO TEATRO - TEATRO;09
IA- 1A ETAPA DO TEATRO - TEATRO;09
IA- 1A ETAPA DO TEATRO - TEATRO;09
IA- 1A ETAPA DO TEATRO - TEATRO;09
IA- 1A ETAPA DO TEATRO - TEATRO;09
IA- 1A ETAPA DO TEATRO - TEATRO;09
IA- 1A ETAPA DO TEATRO - TEATRO;09
IA- 1A ETAPA DO TEATRO - TEATRO;09
IA- 1A ETAPA DO TEATRO - TEATRO;09
IA- 1A ETAPA DO TEATRO - TEATRO;09
IA- 1A ETAPA DO TEATRO - TEATRO;09
IA- 1A ETAPA DO TEATRO - TEATRO;09
IA- 1A ETAPA DO TEATRO - TEATRO;09
IA- 1A ETAPA DO TEATRO - TEATRO;09
IA- 1A ETAPA DO TEATRO - TEATRO;09
IA- 1A ETAPA DO TEATRO - TEATRO;10
IA- 1A ETAPA DO TEATRO - TEATRO;10
IA- 1A ETAPA DO TEATRO - TEATRO;10
IA- 1A ETAPA DO TEATRO - TEATRO;10
IA- 1A ETAPA DO TEATRO - TEATRO;10
IA- 1A ETAPA DO TEATRO - TEATRO;10
IA- 1A ETAPA DO TEATRO - TEATRO;10
IA- 1A ETAPA DO TEATRO - TEATRO;10
IA- 1A ETAPA DO TEATRO - TEATRO;10
IA- 1A ETAPA DO TEATRO - TEATRO;10
IA- 1A ETAPA DO TEATRO - TEATRO;10
IA- 1A ETAPA DO TEATRO - TEATRO;11
IA- 1A ETAPA DO TEATRO - TEATRO;11
IA- 1A ETAPA DO TEATRO - TEATRO;11
IA- 1A ETAPA DO TEATRO - TEATRO;11
IA- 1A ETAPA DO TEATRO - TEATRO;11
IA- 1A ETAPA DO TEATRO - TEATRO;11
IA- 1A ETAPA DO TEATRO - TEATRO;11
IA- 1A ETAPA DO TEATRO - TEATRO;11
IA- 1A ETAPA DO TEATRO - TEATRO;
IA- 2A ETAPA DO TEATRO - DEPTOS DAC E DACO;08
IA- 2A ETAPA DO TEATRO - DEPTOS DAC E DACO;08
IA- 2A ETAPA DO TEATRO - DEPTOS DAC E DACO;08
IA- 2A ETAPA DO TEATRO - DEPTOS DAC E DACO;08
IA- 2A ETAPA DO TEATRO - DEPTOS DAC E DACO;08
IA- 2A ETAPA DO TEATRO - DEPTOS DAC E DACO;08
IA- 2A ETAPA DO TEATRO - DEPTOS DAC E DACO;08
IA- 2A ETAPA DO TEATRO - DEPTOS DAC E DACO;08
IA- 2A ETAPA DO TEATRO - DEPTOS DAC E DACO;08
IA- 2A ETAPA DO TEATRO - DEPTOS DAC E DACO;08
IA- 2A ETAPA DO TEATRO - DEPTOS DAC E DACO;08
IA- 2A ETAPA DO TEATRO - DEPTOS DAC E DACO;08
IA- 2A ETAPA DO TEATRO - DEPTOS DAC E DACO;08
IA- 2A ETAPA DO TEATRO - DEPTOS DAC E DACO;08
IA- 2A ETAPA DO TEATRO - DEPTOS DAC E DACO;08
IA- 2A ETAPA DO TEATRO - DEPTOS DAC E DACO;08
IA- 2A ETAPA DO TEATRO - DEPTOS DAC E DACO;08
IA- 2A ETAPA DO TEATRO - DEPTOS DAC E DACO;08
IA- 2A ETAPA DO TEATRO - DEPTOS DAC E DACO;08
IA- 2A ETAPA DO TEATRO - DEPTOS DAC E DACO;08
IA- 2A ETAPA DO TEATRO - DEPTOS DAC E DACO;08
IA- 2A ETAPA DO TEATRO - DEPTOS DAC E DACO;08
IA- 2A ETAPA DO TEATRO - DEPTOS DAC E DACO;08
IA- 2A ETAPA DO TEATRO - DEPTOS DAC E DACO;08
IA- 2A ETAPA DO TEATRO - DEPTOS DAC E DACO;08
IA- 2A ETAPA DO TEATRO - DEPTOS DAC E DACO;08
IA- 2A ETAPA DO TEATRO - DEPTOS DAC E DACO;08
IA- 2A ETAPA DO TEATRO - DEPTOS DAC E DACO;08
IA- 2A ETAPA DO TEATRO - DEPTOS DAC E DACO;08
IA- 2A ETAPA DO TEATRO - DEPTOS DAC E DACO;08
IA- 2A ETAPA DO TEATRO - DEPTOS DAC E DACO;08
IA- 2A ETAPA DO TEATRO - DEPTOS DAC E DACO;08
IA- 2A ETAPA DO TEATRO - DEPTOS DAC E DACO;08
IA- 2A ETAPA DO TEATRO - DEPTOS DAC E DACO;08
IA- 2A ETAPA DO TEATRO - DEPTOS DAC E DACO;08
IA- 2A ETAPA DO TEATRO - DEPTOS DAC E DACO;08
IA- 2A ETAPA DO TEATRO - DEPTOS DAC E DACO;08
IA- 2A ETAPA DO TEATRO - DEPTOS DAC E DACO;08
IA- 2A ETAPA DO TEATRO - DEPTOS DAC E DACO;08
IA- 2A ETAPA DO TEATRO - DEPTOS DAC E DACO;08
IA- 2A ETAPA DO TEATRO - DEPTOS DAC E DACO;08
IA- 2A ETAPA DO TEATRO - DEPTOS DAC E DACO;08
IA- 2A ETAPA DO TEATRO - DEPTOS DAC E DACO;08
IA- 2A ETAPA DO TEATRO - DEPTOS DAC E DACO;08
IA- 2A ETAPA DO TEATRO - DEPTOS DAC E DACO;08
IA- 2A ETAPA DO TEATRO - DEPTOS DAC E DACO;08
IA- 2A ETAPA DO TEATRO - DEPTOS DAC E DACO;08
IA- 2A ETAPA DO TEATRO - DEPTOS DAC E DACO;09
IA- 2A ETAPA DO TEATRO - DEPTOS DAC E DACO;09
IA- 2A ETAPA DO TEATRO - DEPTOS DAC E DACO;09
IA- 2A ETAPA DO TEATRO - DEPTOS DAC E DACO;09
IA- 2A ETAPA DO TEATRO - DEPTOS DAC E DACO;09
IA- 2A ETAPA DO TEATRO - DEPTOS DAC E DACO;09
IA- 2A ETAPA DO TEATRO - DEPTOS DAC E DACO;09
IA- 2A ETAPA DO TEATRO - DEPTOS DAC E DACO;09
IA- 2A ETAPA DO TEATRO - DEPTOS DAC E DACO;09
IA- 2A ETAPA DO TEATRO - DEPTOS DAC E DACO;09
IA- 2A ETAPA DO TEATRO - DEPTOS DAC E DACO;09
IA- 2A ETAPA DO TEATRO - DEPTOS DAC E DACO;09
IA- 2A ETAPA DO TEATRO - DEPTOS DAC E DACO;09
IA- 2A ETAPA DO TEATRO - DEPTOS DAC E DACO;09
IA- 2A ETAPA DO TEATRO - DEPTOS DAC E DACO;09
IA- 2A ETAPA DO TEATRO - DEPTOS DAC E DACO;09
IA- 2A ETAPA DO TEATRO - DEPTOS DAC E DACO;09
IA- 2A ETAPA DO TEATRO - DEPTOS DAC E DACO;09
IA- 2A ETAPA DO TEATRO - DEPTOS DAC E DACO;10
IA- 2A ETAPA DO TEATRO - DEPTOS DAC E DACO;10
IA- 2A ETAPA DO TEATRO - DEPTOS DAC E DACO;10
IA- 2A ETAPA DO TEATRO - DEPTOS DAC E DACO;10
IA- 2A ETAPA DO TEATRO - DEPTOS DAC E DACO;10
IA- 2A ETAPA DO TEATRO - DEPTOS DAC E DACO;11
IA- 2A ETAPA DO TEATRO - DEPTOS DAC E DACO;11
IA- 2A ETAPA DO TEATRO - DEPTOS DAC E DACO;11
IA- 2A ETAPA DO TEATRO - DEPTOS DAC E DACO;11
IA- 2A ETAPA DO TEATRO - DEPTOS DAC E DACO;11
IA- 2A ETAPA DO TEATRO - DEPTOS DAC E DACO;11
IA- 2A ETAPA DO TEATRO - DEPTOS DAC E DACO;11
IA- 2A ETAPA DO TEATRO - DEPTOS DAC E DACO;11
IA- 2A ETAPA DO TEATRO - DEPTOS DAC E DACO;11
IA- 2A ETAPA DO TEATRO - DEPTOS DAC E DACO;11
IA- 2A ETAPA DO TEATRO - DEPTOS DAC E DACO;11
IA- 2A ETAPA DO TEATRO - DEPTOS DAC E DACO;11
IA- 2A ETAPA DO TEATRO - DEPTOS DAC E DACO;11
IA- 2A ETAPA DO TEATRO - DEPTOS DAC E DACO;11
IA- 2A ETAPA DO TEATRO - DEPTOS DAC E DACO;11
IA- 2A ETAPA DO TEATRO - DEPTOS DAC E DACO;11
IA- 2A ETAPA DO TEATRO - DEPTOS DAC E DACO;11
IA- 2A ETAPA DO TEATRO - DEPTOS DAC E DACO;11
IA- 2A ETAPA DO TEATRO - DEPTOS DAC E DACO;11
IA- 2A ETAPA DO TEATRO - DEPTOS DAC E DACO;11
IA- 2A ETAPA DO TEATRO - DEPTOS DAC E DACO;11
IA- 2A ETAPA DO TEATRO - DEPTOS DAC E DACO;11
IA- 2A ETAPA DO TEATRO - DEPTOS DAC E DACO;11
IA- 2A ETAPA DO TEATRO - DEPTOS DAC E DACO;11
IA- CENTRO ACADÊMICO;11
IA- INSTALAÇÃO DE SISTEMA DE EXAUSTÃO;08
IA- INSTALAÇÃO DE SISTEMA DE EXAUSTÃO;09
IA- INSTALAÇÃO DE SISTEMA DE EXAUSTÃO;10
IA- INSTALAÇÃO DE SISTEMA DE EXAUSTÃO;10
IA- MIDIALOGIA;08
IA- MIDIALOGIA;08
IA- MIDIALOGIA;08
IA- MIDIALOGIA;08
IA- MIDIALOGIA;08
IA- MIDIALOGIA;08
IA- MIDIALOGIA;08
IA- MIDIALOGIA;08
IA- MIDIALOGIA;08
IA- MIDIALOGIA;08
IA- MIDIALOGIA;08
IA- MIDIALOGIA;08
IA- MIDIALOGIA;08
IA- MIDIALOGIA;08
IA- MIDIALOGIA;08
IA- MIDIALOGIA;08
IA- MIDIALOGIA;08
IA- MIDIALOGIA;08
IA- MIDIALOGIA;08
IA- MIDIALOGIA;08
IA- MIDIALOGIA;09
IA- MIDIALOGIA;09
IA- MIDIALOGIA;09
IA- MIDIALOGIA;09
IA- MIDIALOGIA;09
IA- MIDIALOGIA;09
IA- MIDIALOGIA;09
IA- MIDIALOGIA;09
IA- MIDIALOGIA;09
IA- MIDIALOGIA;09
IA- MIDIALOGIA;09
IA- MIDIALOGIA;09
IA- MIDIALOGIA;09
IA- MIDIALOGIA;09
IA- MIDIALOGIA;09
IA- MIDIALOGIA;09
IA- MIDIALOGIA;09
IA- MIDIALOGIA;09
IA- MIDIALOGIA;09
IA- MIDIALOGIA;09
IA- MIDIALOGIA;09
IA- MIDIALOGIA;09
IA- MIDIALOGIA;09
IA- MIDIALOGIA;09
IA- MIDIALOGIA;09
IA- MIDIALOGIA;10
IA- MIDIALOGIA;10
IA- MIDIALOGIA;11
IA- MIDIALOGIA;11
IA- MIDIALOGIA;11
IA- MIDIALOGIA;11
IA- MIDIALOGIA;11
IA- MIDIALOGIA;11
IA- MIDIALOGIA;11
IA- MIDIALOGIA;11
IA- MIDIALOGIA;11
IA- MIDIALOGIA;11
IA- MIDIALOGIA;11
IA- MIDIALOGIA;11
IA- REFORMA DO POSTO DE TRANSFORMAÇÃO DOS PAVILHÕES DO IA;09
IA- REFORMA DO POSTO DE TRANSFORMAÇÃO DOS PAVILHÕES DO IA;09
IA- REFORMA DO POSTO DE TRANSFORMAÇÃO DOS PAVILHÕES DO IA;09
IA- REFORMA DO POSTO DE TRANSFORMAÇÃO DOS PAVILHÕES DO IA;09
IA- REFORMA DO POSTO DE TRANSFORMAÇÃO DOS PAVILHÕES DO IA;09
IA- REFORMA DO POSTO DE TRANSFORMAÇÃO DOS PAVILHÕES DO IA;09
IA- REFORMA DO POSTO DE TRANSFORMAÇÃO DOS PAVILHÕES DO IA;09
IA- REFORMA DO POSTO DE TRANSFORMAÇÃO DOS PAVILHÕES DO IA;09
IA- REFORMA DO POSTO DE TRANSFORMAÇÃO DOS PAVILHÕES DO IA;09
IA- REFORMA DO POSTO DE TRANSFORMAÇÃO DOS PAVILHÕES DO IA;09
IA- REFORMA DO POSTO DE TRANSFORMAÇÃO DOS PAVILHÕES DO IA;09
IA- REFORMA DO POSTO DE TRANSFORMAÇÃO DOS PAVILHÕES DO IA;09
IA- REFORMA DO POSTO DE TRANSFORMAÇÃO DOS PAVILHÕES DO IA;09
IA- REFORMA DO POSTO DE TRANSFORMAÇÃO DOS PAVILHÕES DO IA;11
IA- REFORMA DO POSTO DE TRANSFORMAÇÃO DOS PAVILHÕES DO IA;11
IA- REFORMA DO POSTO DE TRANSFORMAÇÃO DOS PAVILHÕES DO IA;11
IA- REFORMA DO POSTO DE TRANSFORMAÇÃO DOS PAVILHÕES DO IA;11
IA- REFORMA DO POSTO DE TRANSFORMAÇÃO DOS PAVILHÕES DO IA;11
IA- REFORMA DO POSTO DE TRANSFORMAÇÃO DOS PAVILHÕES DO IA;11
IA- REFORMA E AMPLIAÇÃO DO DEPTO ARTES PLÁSTICAS;09
IA- REFORMA E AMPLIAÇÃO DO DEPTO ARTES PLÁSTICAS;09
IA- REFORMA E AMPLIAÇÃO DO DEPTO ARTES PLÁSTICAS;09
IA- REFORMA E AMPLIAÇÃO DO DEPTO ARTES PLÁSTICAS;09
IA- REFORMA E AMPLIAÇÃO DO DEPTO ARTES PLÁSTICAS;10
IA- REFORMA E AMPLIAÇÃO GALERIA DE ARTES NA BC;08
IA- REFORMA E AMPLIAÇÃO GALERIA DE ARTES NA BC;08
IA- REFORMA E AMPLIAÇÃO GALERIA DE ARTES NA BC;08
IA- REFORMA E AMPLIAÇÃO GALERIA DE ARTES NA BC;08
IA- REFORMA E AMPLIAÇÃO GALERIA DE ARTES NA BC;08
IA- REFORMA ESTÚDIO MULTIMEIOS;08
IA- REFORMA ESTÚDIO MULTIMEIOS;08
IA- REFORMA ESTÚDIO MULTIMEIOS;08
IA- REFORMA ESTÚDIO MULTIMEIOS;08
IA- REFORMA ESTÚDIO MULTIMEIOS;08
IA- REFORMA ESTÚDIO MULTIMEIOS;08
IA- REFORMA ESTÚDIO MULTIMEIOS;08
IA- REFORMA ESTÚDIO MULTIMEIOS;09
IA- REFORMA ESTÚDIO MULTIMEIOS;10
IA- REFORMA ESTÚDIO MULTIMEIOS;10
IA- REFORMA ESTÚDIO MULTIMEIOS;10
IA- REFORMA ESTÚDIO MULTIMEIOS;11
IA- REFORMA ESTÚDIO MULTIMEIOS;11
IA- REFORMA PAV ARTES;08
IA- REFORMA PAV ARTES;08
IA- REFORMA PAV ARTES;08
IA- REFORMA PAV ARTES;08
IA- REFORMA PAV ARTES;08
IA- REFORMA PAV ARTES;08
IA- REFORMA PAV ARTES;08
IA- REFORMA PAV ARTES;08
IA- REFORMA PAV ARTES;08
IA- REFORMA PAV ARTES;08
IA- REFORMA PAV ARTES;08
IA- REFORMA PAV ARTES;09
IA- REFORMA PAV ARTES;09
IA- REFORMA PAV ARTES;09
IA- REFORMA PAV ARTES;09
IA- REFORMA PAV ARTES;09
IA- REFORMA PAV ARTES;09
IA- REFORMA PAV ARTES;10
IA- REFORMA PAV ARTES;10
IA- REFORMA PAV ARTES;10
IA- REFORMA PAV ARTES;10
IA- REFORMA PAV ARTES;10
IA- REFORMA PAV ARTES;11
IA- REFORMA PAV ARTES;11
IA- REFORMA PAV ARTES;11
IA- REFORMA PAV ARTES;11
IA- REFORMA PAV ARTES;11
IA- REFORMA PAV ARTES;11
IA- REFORMA PAV ARTES;11
IA- REFORMA PAV ARTES;11
IA- REFORMA PAV ARTES;11
IA- REFORMA PAV ARTES;11
IA- REFORMA PAV ARTES;11
IA- REFORMA PAV ARTES;11
IA- REFORMA PAV ARTES;11
IA- REFORMA SALA AD-01-DACO;08
IA- REFORMA SALA AD-01-DACO;08
IA- REFORMA SALA AD-01-DACO;08
IA- REFORMA SALA AD-01-DACO;08
IA- REFORMA SALA AD-01-DACO;08
IA- REFORMA SALA AD-01-DACO;08
IA- REFORMA SALA AD-01-DACO;08
IA- REFORMA SALA AD-01-DACO;08
IA- REFORMA SALA AD-01-DACO;08
IA- REFORMA SALA AD-01-DACO;11
IA- REFORMA SANITÁRIOS NO PAVILHÃO DO IA;10
IA- REMODELAÇÃO CABINE DE FORÇA;08
IA- REMODELAÇÃO CABINE DE FORÇA;08
IA- REMODELAÇÃO CABINE DE FORÇA;08
IA- REMODELAÇÃO CABINE DE FORÇA;08
IA- REMODELAÇÃO CABINE DE FORÇA;08
IA- REMODELAÇÃO CABINE DE FORÇA;08
IA- REMODELAÇÃO CABINE DE FORÇA;08
IA- REMODELAÇÃO CABINE DE FORÇA;08
IA- REMODELAÇÃO CABINE DE FORÇA;08
IA- REMODELAÇÃO CABINE DE FORÇA;08
IA- REMODELAÇÃO CABINE DE FORÇA;08
IA- REMODELAÇÃO CABINE DE FORÇA;08
IA- REMODELAÇÃO CABINE DE FORÇA;09
IA- REMODELAÇÃO CABINE DE FORÇA;09
IA- REMODELAÇÃO CABINE DE FORÇA;09
IA- REMODELAÇÃO CABINE DE FORÇA;09
IA- REMODELAÇÃO CABINE DE FORÇA;09
IA- REMODELAÇÃO CABINE DE FORÇA;09
IA- REMODELAÇÃO CABINE DE FORÇA;09
IA- REMODELAÇÃO CABINE DE FORÇA;09
IA- REMODELAÇÃO CABINE DE FORÇA;09
IA- REMODELAÇÃO CABINE DE FORÇA;09
IA- REMODELAÇÃO CABINE DE FORÇA;09
IA- REMODELAÇÃO CABINE DE FORÇA;10
IA- REMODELAÇÃO CABINE DE FORÇA;10
IA- REMODELAÇÃO CABINE DE FORÇA;10
IA- REMODELAÇÃO CABINE DE FORÇA;10
IA- REMODELAÇÃO CABINE DE FORÇA;10
IA- REMODELAÇÃO CABINE DE FORÇA;10
IA- TRATAMENTO ACÚSTICO DEPTO MÚSICA;08
IA- TRATAMENTO ACÚSTICO DEPTO MÚSICA;08
IA- TRATAMENTO ACÚSTICO DEPTO MÚSICA;08
IA- TRATAMENTO ACÚSTICO DEPTO MÚSICA;08
IA- TRATAMENTO ACÚSTICO DEPTO MÚSICA;08
IA- TRATAMENTO ACÚSTICO DEPTO MÚSICA;08
IA- TRATAMENTO ACÚSTICO DEPTO MÚSICA;08
IA- TRATAMENTO ACÚSTICO DEPTO MÚSICA;08
IA- TRATAMENTO ACÚSTICO DEPTO MÚSICA;08
IA- TRATAMENTO ACÚSTICO DEPTO MÚSICA;08
IA- TRATAMENTO ACÚSTICO DEPTO MÚSICA;08
IA- TRATAMENTO ACÚSTICO DEPTO MÚSICA;08
IA- TRATAMENTO ACÚSTICO DEPTO MÚSICA;08
IA- TRATAMENTO ACÚSTICO DEPTO MÚSICA;08
IA- TRATAMENTO ACÚSTICO DEPTO MÚSICA;08
IA- TRATAMENTO ACÚSTICO DEPTO MÚSICA;08
IA- TRATAMENTO ACÚSTICO DEPTO MÚSICA;08
IA- TRATAMENTO ACÚSTICO DEPTO MÚSICA;08
IA- TRATAMENTO ACÚSTICO DEPTO MÚSICA;08
IA- TRATAMENTO ACÚSTICO DEPTO MÚSICA;08
IA- TRATAMENTO ACÚSTICO DEPTO MÚSICA;08
IA- TRATAMENTO ACÚSTICO DEPTO MÚSICA;09
IA- TRATAMENTO ACÚSTICO DEPTO MÚSICA;09
IA- TRATAMENTO ACÚSTICO DEPTO MÚSICA;10
IA- TRATAMENTO ACÚSTICO DEPTO MÚSICA;11
IA- TRATAMENTO ACÚSTICO DEPTO MÚSICA;11
IA- TRATAMENTO ACÚSTICO DEPTO MÚSICA;11
IA- TRATAMENTO ACÚSTICO DEPTO MÚSICA;11
IA- TRATAMENTO ACÚSTICO DEPTO MÚSICA;11
IB- AMPLIAÇÃO BIBLIOTECA;08
IB- AMPLIAÇÃO BIBLIOTECA;08
IB- AMPLIAÇÃO BIBLIOTECA;08
IB- AMPLIAÇÃO BIBLIOTECA;10
IB- AMPLIAÇÃO BIBLIOTECA;10
IB- AMPLIAÇÃO BIBLIOTECA;10
IB- AMPLIAÇÃO BIBLIOTECA;11
IB- AMPLIAÇÃO BIBLIOTECA;11
IB- AMPLIAÇÃO LABORAT GENÔMICA (ETENO VERDE);11
IB- AMPLIAÇÃO LABORAT GENÔMICA (ETENO VERDE);11
IB- AMPLIAÇÃO LABORAT GENÔMICA (ETENO VERDE);11
IB- AMPLIAÇÃO LABORAT GENÔMICA (ETENO VERDE);11
IB- AMPLIAÇÃO LABORAT GENÔMICA (ETENO VERDE);11
IB- AMPLIAÇÃO LABORAT MICROSCOPIA ELETRÔNICA;09
IB- AMPLIAÇÃO LABORAT MICROSCOPIA ELETRÔNICA;10
IB- AMPLIAÇÃO LABORAT MICROSCOPIA ELETRÔNICA;10
IB- AMPLIAÇÃO LABORAT MICROSCOPIA ELETRÔNICA;11
IB- AMPLIAÇÃO LABORAT MICROSCOPIA ELETRÔNICA;11
IB- AMPLIAÇÃO PRÉDIO PÓS GRADUAÇÃO;11
IB- BIOTÉRIO BIOTBIO (FINEP- CT-INFRA 01/07);08
IB- BIOTÉRIO BIOTBIO (FINEP- CT-INFRA 01/07);08
IB- BIOTÉRIO BIOTBIO (FINEP- CT-INFRA 01/07);08
IB- BIOTÉRIO BIOTBIO (FINEP- CT-INFRA 01/07);09
IB- BIOTÉRIO BIOTBIO (FINEP- CT-INFRA 01/07);09
IB- BIOTÉRIO BIOTBIO (FINEP- CT-INFRA 01/07);09
IB- BIOTÉRIO BIOTBIO (FINEP- CT-INFRA 01/07);09
IB- BIOTÉRIO BIOTBIO (FINEP- CT-INFRA 01/07);09
IB- BIOTÉRIO BIOTBIO (FINEP- CT-INFRA 01/07);09
IB- BIOTÉRIO BIOTBIO (FINEP- CT-INFRA 01/07);09
IB- BIOTÉRIO BIOTBIO (FINEP- CT-INFRA 01/07);09
IB- BIOTÉRIO BIOTBIO (FINEP- CT-INFRA 01/07);09
IB- BIOTÉRIO BIOTBIO (FINEP- CT-INFRA 01/07);09
IB- BIOTÉRIO BIOTBIO (FINEP- CT-INFRA 01/07);09
IB- BIOTÉRIO BIOTBIO (FINEP- CT-INFRA 01/07);09
IB- BIOTÉRIO BIOTBIO (FINEP- CT-INFRA 01/07);09
IB- BIOTÉRIO BIOTBIO (FINEP- CT-INFRA 01/07);09
IB- BIOTÉRIO BIOTBIO (FINEP- CT-INFRA 01/07);10
IB- BIOTÉRIO BIOTBIO (FINEP- CT-INFRA 01/07);10
IB- BIOTÉRIO BIOTBIO (FINEP- CT-INFRA 01/07);10
IB- BIOTÉRIO BIOTBIO (FINEP- CT-INFRA 01/07);11
IB- BIOTÉRIO BIOTBIO (FINEP- CT-INFRA 01/07);11
IB- CONCLUSÃO PRÉDIO BIOPATÓGENOS E LAB. DOR;11
IB- CONCLUSÃO PRÉDIO BIOPATÓGENOS E LAB. DOR;11
IB- CONSTRUÇÃO PARCIAL LAB BIOPATÓGENOS;09
IB- CONSTRUÇÃO PARCIAL LAB BIOPATÓGENOS;09
IB- CONSTRUÇÃO PARCIAL LAB BIOPATÓGENOS;09
IB- CONSTRUÇÃO PARCIAL LAB BIOPATÓGENOS;09
IB- CONSTRUÇÃO PARCIAL LAB BIOPATÓGENOS;10
IB- CONSTRUÇÃO PARCIAL LAB BIOPATÓGENOS;10
IB- CONSTRUÇÃO PARCIAL LAB BIOPATÓGENOS;10
IB- CONSTRUÇÃO PARCIAL LAB BIOPATÓGENOS;10
IB- CONSTRUÇÃO PARCIAL LAB BIOPATÓGENOS;10
IB- CONSTRUÇÃO PARCIAL LAB BIOPATÓGENOS;10
IB- CONSTRUÇÃO PARCIAL LAB BIOPATÓGENOS;10
IB- CONSTRUÇÃO PARCIAL LAB BIOPATÓGENOS;10
IB- CONSTRUÇÃO PARCIAL LAB BIOPATÓGENOS;10
IB- CONSTRUÇÃO PARCIAL LAB BIOPATÓGENOS;10
IB- CONSTRUÇÃO PARCIAL LAB BIOPATÓGENOS;10
IB- CONSTRUÇÃO PARCIAL LAB BIOPATÓGENOS;10
IB- CONSTRUÇÃO PARCIAL LAB BIOPATÓGENOS;10
IB- CONSTRUÇÃO PARCIAL LAB BIOPATÓGENOS;10
IB- CONSTRUÇÃO PARCIAL LAB BIOPATÓGENOS;11
IB- CONSTRUÇÃO PARCIAL LAB BIOPATÓGENOS;11
IB- CONSTRUÇÃO PARCIAL LAB BIOPATÓGENOS;11
IB- CONSTRUÇÃO PARCIAL LAB BIOPATÓGENOS;11
IB- CONSTRUÇÃO PARCIAL LAB BIOPATÓGENOS;11
IB- CONSTRUÇÃO PARCIAL LAB BIOPATÓGENOS;11
IB- CONSTRUÇÃO PARCIAL LAB BIOPATÓGENOS;11
IB- CONSTRUÇÃO PARCIAL LAB BIOPATÓGENOS;11
IB- CONSTRUÇÃO PARCIAL LAB BIOPATÓGENOS;11
IB- CONSTRUÇÃO PARCIAL LAB BIOPATÓGENOS;11
IB- ELEVADOR DA BIBLIOTECA;10
IB- ELEVADOR DA BIBLIOTECA;11
IB- ELEVADOR DA BIBLIOTECA;11
IB- ELEVADOR DA BIBLIOTECA;11
IB- ELEVADOR DA BIBLIOTECA;11
IB- ELEVADOR DA BIBLIOTECA;11
IB- ELEVADOR DA BIBLIOTECA;11
IB- ELEVADOR DA BIBLIOTECA;11
IB- ELEVADOR DA BIBLIOTECA;11
IB- ELEVADOR DA BIBLIOTECA;11
IB- GRUPO GERADOR III;11
IB- INSTALAÇÃO DOIS ELEVADORES;09
IB- INSTALAÇÃO DOIS ELEVADORES;09
IB- INSTALAÇÃO DOIS ELEVADORES;09
IB- INSTALAÇÃO DOIS ELEVADORES;09
IB- INSTALAÇÃO DOIS ELEVADORES;09
IB- INSTALAÇÃO DOIS ELEVADORES;09
IB- INSTALAÇÃO DOIS ELEVADORES;09
IB- INSTALAÇÃO DOIS ELEVADORES;09
IB- INSTALAÇÃO DOIS ELEVADORES;09
IB- INSTALAÇÃO DOIS ELEVADORES;09
IB- INSTALAÇÃO DOIS ELEVADORES;09
IB- INSTALAÇÃO DOIS ELEVADORES;10
IB- INSTALAÇÃO DOIS ELEVADORES;10
IB- INSTALAÇÃO DOIS ELEVADORES;10
IB- INSTALAÇÃO DOIS ELEVADORES;10
IB- INSTALAÇÃO DOIS ELEVADORES;10
IB- INSTALAÇÃO DOIS ELEVADORES;10
IB- INSTALAÇÃO DOIS ELEVADORES;11
IB- INSTALAÇÃO DOIS ELEVADORES;11
IB- INSTALAÇÃO DOIS ELEVADORES;11
IB- INSTALAÇÃO DOIS ELEVADORES;11
IB- INSTALAÇÃO DOIS ELEVADORES;11
IB- LAB CENTRO DE ESTUDO DA DOR;10
IB- LAB CENTRO DE ESTUDO DA DOR;10
IB- LAB CENTRO DE ESTUDO DA DOR;10
IB- LAB CENTRO DE ESTUDO DA DOR;10
IB- LAB CENTRO DE ESTUDO DA DOR;10
IB- LAB CENTRO DE ESTUDO DA DOR;10
IB- LAB CENTRO DE ESTUDO DA DOR;10
IB- LAB CENTRO DE ESTUDO DA DOR;11
IB- LAB CENTRO DE ESTUDO DA DOR;11
IB- LAB CENTRO DE ESTUDO DA DOR;11
IB- LAB CENTRO DE ESTUDO DA DOR;11
IB- LAB CENTRO DE ESTUDO DA DOR;11
IB- LAB CENTRO DE ESTUDO DA DOR;11
IB- LAB CENTRO DE ESTUDO DA DOR;11
IB- LAB CENTRO DE ESTUDO DA DOR;11
IB- LAB CENTRO DE ESTUDO DA DOR;11
IB- LAB CENTRO DE ESTUDO DA DOR;11
IB- LAB CENTRO DE ESTUDO DA DOR;11
IB- LAB OBESIDADES E DIABETES - BETACEL (FINEP- CT-INFRA);08
IB- LAB OBESIDADES E DIABETES - BETACEL (FINEP- CT-INFRA);08
IB- LAB OBESIDADES E DIABETES - BETACEL (FINEP- CT-INFRA);08
IB- LAB OBESIDADES E DIABETES - BETACEL (FINEP- CT-INFRA);08
IB- LAB OBESIDADES E DIABETES - BETACEL (FINEP- CT-INFRA);09
IB- LAB OBESIDADES E DIABETES - BETACEL (FINEP- CT-INFRA);09
IB- LAB OBESIDADES E DIABETES - BETACEL (FINEP- CT-INFRA);09
IB- LAB OBESIDADES E DIABETES - BETACEL (FINEP- CT-INFRA);09
IB- LAB OBESIDADES E DIABETES - BETACEL (FINEP- CT-INFRA);09
IB- LAB OBESIDADES E DIABETES - BETACEL (FINEP- CT-INFRA);09
IB- LAB OBESIDADES E DIABETES - BETACEL (FINEP- CT-INFRA);09
IB- LAB OBESIDADES E DIABETES - BETACEL (FINEP- CT-INFRA);09
IB- LAB OBESIDADES E DIABETES - BETACEL (FINEP- CT-INFRA);09
IB- LAB OBESIDADES E DIABETES - BETACEL (FINEP- CT-INFRA);09
IB- LAB OBESIDADES E DIABETES - BETACEL (FINEP- CT-INFRA);09
IB- LAB OBESIDADES E DIABETES - BETACEL (FINEP- CT-INFRA);09
IB- LAB OBESIDADES E DIABETES - BETACEL (FINEP- CT-INFRA);09
IB- LAB OBESIDADES E DIABETES - BETACEL (FINEP- CT-INFRA);09
IB- LAB OBESIDADES E DIABETES - BETACEL (FINEP- CT-INFRA);09
IB- LAB OBESIDADES E DIABETES - BETACEL (FINEP- CT-INFRA);09
IB- LAB OBESIDADES E DIABETES - BETACEL (FINEP- CT-INFRA);09
IB- LAB OBESIDADES E DIABETES - BETACEL (FINEP- CT-INFRA);09
IB- LAB OBESIDADES E DIABETES - BETACEL (FINEP- CT-INFRA);09
IB- LAB OBESIDADES E DIABETES - BETACEL (FINEP- CT-INFRA);09
IB- LAB OBESIDADES E DIABETES - BETACEL (FINEP- CT-INFRA);09
IB- LAB OBESIDADES E DIABETES - BETACEL (FINEP- CT-INFRA);09
IB- LAB OBESIDADES E DIABETES - BETACEL (FINEP- CT-INFRA);10
IB- LAB OBESIDADES E DIABETES - BETACEL (FINEP- CT-INFRA);10
IB- LAB OBESIDADES E DIABETES - BETACEL (FINEP- CT-INFRA);10
IB- LAB OBESIDADES E DIABETES - BETACEL (FINEP- CT-INFRA);10
IB- LAB OBESIDADES E DIABETES - BETACEL (FINEP- CT-INFRA);10
IB- LAB OBESIDADES E DIABETES - BETACEL (FINEP- CT-INFRA);10
IB- LAB OBESIDADES E DIABETES - BETACEL (FINEP- CT-INFRA);11
IB- LAB OBESIDADES E DIABETES - BETACEL (FINEP- CT-INFRA);11
IB- LAB OBESIDADES E DIABETES - BETACEL (FINEP- CT-INFRA);11
IB- LAB OBESIDADES E DIABETES - BETACEL (FINEP- CT-INFRA);11
IB- LAB OBESIDADES E DIABETES - BETACEL (FINEP- CT-INFRA);11
IB- LAB OBESIDADES E DIABETES - BETACEL (FINEP- CT-INFRA);11
IB- LAB OBESIDADES E DIABETES - BETACEL (FINEP- CT-INFRA);11
IB- LAB OBESIDADES E DIABETES - BETACEL (FINEP- CT-INFRA);11
IB- LAB OBESIDADES E DIABETES - BETACEL (FINEP- CT-INFRA);11
IB- LABORATÓRIO DE GENOTIPAGEM;10
IB- LABORATÓRIO DE GENOTIPAGEM;10
IB- LABORATÓRIO DE GENOTIPAGEM;10
IB- LABORATÓRIO DE GENOTIPAGEM;10
IB- LABORATÓRIO DE GENOTIPAGEM;10
IB- LABORATÓRIO DE GENOTIPAGEM;10
IB- LABORATÓRIO DE GENOTIPAGEM;10
IB- LABORATÓRIO DE GENOTIPAGEM;11
IB- LABORATÓRIO DE GENOTIPAGEM;11
IB- LABORATÓRIO DE GENOTIPAGEM;11
IB- MUSEU/HERBÁRIO (CT-INFRA);10
IB- MUSEU/HERBÁRIO (CT-INFRA);11
IB- MUSEU/HERBÁRIO (CT-INFRA);11
IB- OBRA SECRETARIA GRADUAÇÃO;11
IB- REFORMA 2 SANITÁRIOS (CONGREGAÇÃO E SALA DE AULA);10
IB- REFORMA 2 SANITÁRIOS (CONGREGAÇÃO E SALA DE AULA);10
IB- REFORMA 2 SANITÁRIOS (CONGREGAÇÃO E SALA DE AULA);10
IB- REFORMA 2 SANITÁRIOS (CONGREGAÇÃO E SALA DE AULA);11
IB- REFORMA 2 SANITÁRIOS (CONGREGAÇÃO E SALA DE AULA);11
IB- REFORMA 2 SANITÁRIOS (CONGREGAÇÃO E SALA DE AULA);11
IB- REFORMA 2 SANITÁRIOS (CONGREGAÇÃO E SALA DE AULA);11
IB- REFORMA COBERTURA PRÉDIOS IB;08
IB- REFORMA COBERTURA PRÉDIOS IB;08
IB- REFORMA COBERTURA PRÉDIOS IB;08
IB- REFORMA COBERTURA PRÉDIOS IB;08
IB- REFORMA COBERTURA PRÉDIOS IB;10
IB- REFORMA COBERTURA PRÉDIOS IB;10
IB- REFORMA COBERTURA PRÉDIOS IB;10
IB- REFORMA COBERTURA PRÉDIOS IB;10
IB- REFORMA COBERTURA PRÉDIOS IB;10
IB- REFORMA COBERTURA PRÉDIOS IB;11
IB- REFORMA COBERTURA PRÉDIOS IB;11
IB- REFORMA E AMPLIAÇÃO DA ANATOMIA;09
IB- REFORMA E AMPLIAÇÃO DA ANATOMIA;09
IB- REFORMA E AMPLIAÇÃO DA ANATOMIA;09
IB- REFORMA E AMPLIAÇÃO DA ANATOMIA;09
IB- REFORMA E AMPLIAÇÃO DA ANATOMIA;09
IB- REFORMA E AMPLIAÇÃO DA ANATOMIA;09
IB- REFORMA E AMPLIAÇÃO DA ANATOMIA;10
IB- REFORMA E AMPLIAÇÃO DA ANATOMIA;10
IB- REFORMA E AMPLIAÇÃO DA ANATOMIA;10
IB- REFORMA E AMPLIAÇÃO DA ANATOMIA;10
IB- REFORMA E AMPLIAÇÃO DA ANATOMIA;11
IB- REFORMA E AMPLIAÇÃO DA ANATOMIA;11
IB- REFORMA E AMPLIAÇÃO DA ANATOMIA;11
IB- REFORMA E AMPLIAÇÃO DA ANATOMIA;11
IB- REFORMA E AMPLIAÇÃO DA ANATOMIA;11
IB- REFORMA E AMPLIAÇÃO DA ANATOMIA;11
IB- REFORMA E AMPLIAÇÃO DA ANATOMIA;11
IB- REFORMA E AMPLIAÇÃO DA ANATOMIA;11
IB- REFORMA E AMPLIAÇÃO DA ANATOMIA;11
IC- AMPLIAÇÃO PRÉDIO IC-3- LAB PÓS GRAD E DEPÓSITO;09
IC- AMPLIAÇÃO PRÉDIO IC-3- LAB PÓS GRAD E DEPÓSITO;09
IC- AMPLIAÇÃO PRÉDIO IC-3- LAB PÓS GRAD E DEPÓSITO;09
IC- AMPLIAÇÃO PRÉDIO IC-3- LAB PÓS GRAD E DEPÓSITO;09
IC- AMPLIAÇÃO PRÉDIO IC-3- LAB PÓS GRAD E DEPÓSITO;09
IC- AMPLIAÇÃO PRÉDIO IC-3- LAB PÓS GRAD E DEPÓSITO;09
IC- AMPLIAÇÃO PRÉDIO IC-3- LAB PÓS GRAD E DEPÓSITO;09
IC- AMPLIAÇÃO PRÉDIO IC-3- LAB PÓS GRAD E DEPÓSITO;09
IC- AMPLIAÇÃO PRÉDIO IC-3- LAB PÓS GRAD E DEPÓSITO;09
IC- AMPLIAÇÃO PRÉDIO IC-3- LAB PÓS GRAD E DEPÓSITO;09
IC- AMPLIAÇÃO PRÉDIO IC-3- LAB PÓS GRAD E DEPÓSITO;10
IC- AMPLIAÇÃO PRÉDIO IC-3- LAB PÓS GRAD E DEPÓSITO;10
IC- AMPLIAÇÃO PRÉDIO IC-3- LAB PÓS GRAD E DEPÓSITO;10
IC- AMPLIAÇÃO PRÉDIO IC-3- LAB PÓS GRAD E DEPÓSITO;10
IC- AMPLIAÇÃO PRÉDIO IC-3- LAB PÓS GRAD E DEPÓSITO;10
IC- AMPLIAÇÃO PRÉDIO IC-3- LAB PÓS GRAD E DEPÓSITO;10
IC- AMPLIAÇÃO PRÉDIO IC-3- LAB PÓS GRAD E DEPÓSITO;10
IC- AMPLIAÇÃO PRÉDIO IC-3- LAB PÓS GRAD E DEPÓSITO;10
IC- AMPLIAÇÃO PRÉDIO IC-3- LAB PÓS GRAD E DEPÓSITO;10
IC- AMPLIAÇÃO PRÉDIO IC-3- LAB PÓS GRAD E DEPÓSITO;11
IC- AMPLIAÇÃO PRÉDIO IC-3- LAB PÓS GRAD E DEPÓSITO;11
IC- AMPLIAÇÃO PRÉDIO IC-3- LAB PÓS GRAD E DEPÓSITO;11
IC- AMPLIAÇÃO PRÉDIO IC-3- LAB PÓS GRAD E DEPÓSITO;11
IC- AMPLIAÇÃO PRÉDIO IC-3- LAB PÓS GRAD E DEPÓSITO;11
IC- AMPLIAÇÃO PRÉDIO IC-3- LAB PÓS GRAD E DEPÓSITO;11
IC- AMPLIAÇÃO PRÉDIO IC-3- LAB PÓS GRAD E DEPÓSITO;11
IC- AMPLIAÇÃO PRÉDIO IC-3- LAB PÓS GRAD E DEPÓSITO;11
IC- AMPLIAÇÃO PRÉDIOS IC-1 E IC-2;09
IC- CENTRO DE VIVÊNCIA;08
IC- CLIMATIZAÇÃO DO PRÉDIO IC-3,5;10
IC- CLIMATIZAÇÃO DO PRÉDIO IC-3,5;10
IC- CLIMATIZAÇÃO DO PRÉDIO IC-3,5;10
IC- CLIMATIZAÇÃO DO PRÉDIO IC-3,5;10
IC- CLIMATIZAÇÃO DO PRÉDIO IC-3,5;10
IC- CLIMATIZAÇÃO DO PRÉDIO IC-3,5;11
IC- CLIMATIZAÇÃO DO PRÉDIO IC-3,5;11
IC- CLIMATIZAÇÃO DO PRÉDIO IC-3,5;11
IC- CLIMATIZAÇÃO DO PRÉDIO IC-3,5;11
IC- CLIMATIZAÇÃO DO PRÉDIO IC-3,5;11
IC- CLIMATIZAÇÃO DO PRÉDIO IC-3,5;11
IC- CLIMATIZAÇÃO DO PRÉDIO IC-3,5;11
IC- CLIMATIZAÇÃO DO PRÉDIO IC-3,5;11
IC- CLIMATIZAÇÃO DO PRÉDIO IC-3,5;11
IC- CLIMATIZAÇÃO DO PRÉDIO IC-3,5;11
IC- CLIMATIZAÇÃO DO PRÉDIO IC-3,5;11
IC- ESTACIONAMENTO IC-3,5;11
IC- ESTACIONAMENTO IC-3,5;11
IC- NOVO PRÉDIO IC- 04;09
IC- NOVO PRÉDIO IC- 04;09
IC- NOVO PRÉDIO IC- 04;09
IC- NOVO PRÉDIO IC- 04;09
IC- NOVO PRÉDIO IC- 04;09
IC- NOVO PRÉDIO IC- 04;09
IC- NOVO PRÉDIO IC- 04;09
IC- NOVO PRÉDIO IC- 04;09
IC- NOVO PRÉDIO IC- 04;09
IC- NOVO PRÉDIO IC- 04;09
IC- NOVO PRÉDIO IC- 04;09
IC- NOVO PRÉDIO IC- 04;09
IC- NOVO PRÉDIO IC- 04;09
IC- NOVO PRÉDIO IC- 04;09
IC- NOVO PRÉDIO IC- 04;10
IC- NOVO PRÉDIO IC- 04;10
IC- NOVO PRÉDIO IC- 04;10
IC- NOVO PRÉDIO IC- 04;10
IC- NOVO PRÉDIO IC- 04;10
IC- NOVO PRÉDIO IC- 04;10
IC- NOVO PRÉDIO IC- 04;10
IC- NOVO PRÉDIO IC- 04;10
IC- NOVO PRÉDIO IC- 04;10
IC- NOVO PRÉDIO IC- 04;10
IC- NOVO PRÉDIO IC- 04;10
IC- NOVO PRÉDIO IC- 04;10
IC- NOVO PRÉDIO IC- 04;10
IC- NOVO PRÉDIO IC- 04;10
IC- NOVO PRÉDIO IC- 04;10
IC- NOVO PRÉDIO IC- 04;10
IC- NOVO PRÉDIO IC- 04;10
IC- NOVO PRÉDIO IC- 04;10
IC- NOVO PRÉDIO IC- 04;10
IC- NOVO PRÉDIO IC- 04;10
IC- NOVO PRÉDIO IC- 04;10
IC- NOVO PRÉDIO IC- 04;10
IC- NOVO PRÉDIO IC- 04;10
IC- NOVO PRÉDIO IC- 04;10
IC- NOVO PRÉDIO IC- 04;10
IC- NOVO PRÉDIO IC- 04;10
IC- NOVO PRÉDIO IC- 04;10
IC- NOVO PRÉDIO IC- 04;10
IC- NOVO PRÉDIO IC- 04;10
IC- NOVO PRÉDIO IC- 04;10
IC- NOVO PRÉDIO IC- 04;10
IC- NOVO PRÉDIO IC- 04;10
IC- NOVO PRÉDIO IC- 04;10
IC- NOVO PRÉDIO IC- 04;10
IC- NOVO PRÉDIO IC- 04;10
IC- NOVO PRÉDIO IC- 04;10
IC- NOVO PRÉDIO IC- 04;10
IC- NOVO PRÉDIO IC- 04;11
IC- NOVO PRÉDIO IC- 04;11
IC- NOVO PRÉDIO IC- 04;11
IC- NOVO PRÉDIO IC- 04;11
IC- NOVO PRÉDIO IC- 04;11
IC- NOVO PRÉDIO IC- 04;11
IC- NOVO PRÉDIO IC- 04;11
IC- NOVO PRÉDIO IC- 04;11
IC- NOVO PRÉDIO IC- 04;11
IC- NOVO PRÉDIO IC- 04;11
IC- NOVO PRÉDIO IC- 04;11
IC- NOVO PRÉDIO IC- 04;11
IC- NOVO PRÉDIO IC- 04;11
IC- NOVO PRÉDIO IC- 04;11
IC- NOVO PRÉDIO IC- 04;11
IC- NOVO PRÉDIO IC- 04;11
IC- NOVO PRÉDIO IC- 04;11
IC- NOVO PRÉDIO IC- 04;11
IC- NOVO PRÉDIO IC- 04;11
IC- PPCI PARA OS PRÉDIOS DO IC;11
IC- REFAZIMENTO COBERTURA PRÉDIO IC-3;08
IC- REFAZIMENTO COBERTURA PRÉDIO IC-3;08
IC- REFAZIMENTO COBERTURA PRÉDIO IC-3;08
IC- REFAZIMENTO COBERTURA PRÉDIO IC-3;08
IC- REFAZIMENTO COBERTURA PRÉDIO IC-3;09
IC- REFORMA COBERTURA PRÉDIOS IC-1 E IC-2;10
IC- REFORMA COBERTURA PRÉDIOS IC-1 E IC-2;11
IC- REFORMA E AMPLIAÇÃO PRÉDIO IC-3 (FECHAMENTO DA ÁREA DE LUZ);11
IC- REFORMA E AMPLIAÇÃO PRÉDIO IC-3 (FECHAMENTO DA ÁREA DE LUZ);11
IC- REFORMA E AMPLIAÇÃO PRÉDIO IC-3 (FECHAMENTO DA ÁREA DE LUZ);11
IC- REFORMA E AMPLIAÇÃO PRÉDIO IC-3 (FECHAMENTO DA ÁREA DE LUZ);11
IC- REFORMA E AMPLIAÇÃO PRÉDIO IC-3 (FECHAMENTO DA ÁREA DE LUZ);11
IC- REFORMA SANITÁRIOS PRÉDIOS IC- 01, 02, 03;11
IC- REFORMA SANITÁRIOS PRÉDIOS IC- 01, 02, 03;11
IC- REFORMA SANITÁRIOS PRÉDIOS IC- 01, 02, 03;11
IC- REFORMA SANITÁRIOS PRÉDIOS IC- 01, 02, 03;11
IC- REFORMA SANITÁRIOS PRÉDIOS IC- 01, 02, 03;11
IC- REMODELAÇÃO ENTRADA ENERGIA PRÉDIOS IC-3 E IC-3,5;09
IC- REMODELAÇÃO ENTRADA ENERGIA PRÉDIOS IC-3 E IC-3,5;09
IC- REMODELAÇÃO ENTRADA ENERGIA PRÉDIOS IC-3 E IC-3,5;09
IC- REMODELAÇÃO ENTRADA ENERGIA PRÉDIOS IC-3 E IC-3,5;09
IC- REMODELAÇÃO ENTRADA ENERGIA PRÉDIOS IC-3 E IC-3,5;09
IC- REMODELAÇÃO ENTRADA ENERGIA PRÉDIOS IC-3 E IC-3,5;09
IC- REMODELAÇÃO ENTRADA ENERGIA PRÉDIOS IC-3 E IC-3,5;09
IC- REMODELAÇÃO ENTRADA ENERGIA PRÉDIOS IC-3 E IC-3,5;09
IC- REMODELAÇÃO ENTRADA ENERGIA PRÉDIOS IC-3 E IC-3,5;09
IC- REMODELAÇÃO ENTRADA ENERGIA PRÉDIOS IC-3 E IC-3,5;10
IC- REMODELAÇÃO ENTRADA ENERGIA PRÉDIOS IC-3 E IC-3,5;10
IC- REMODELAÇÃO ENTRADA ENERGIA PRÉDIOS IC-3 E IC-3,5;10
IC- REMODELAÇÃO ENTRADA ENERGIA PRÉDIOS IC-3 E IC-3,5;10
IC- REMODELAÇÃO ENTRADA ENERGIA PRÉDIOS IC-3 E IC-3,5;11
IC- REMODELAÇÃO ENTRADA ENERGIA PRÉDIOS IC-3 E IC-3,5;11
IE - CENTRO DE PESQUISAS;08
IE - READEQUAÇÃO INST. ELÉTRICAS PAVILHÕES;08
IE - READEQUAÇÃO INST. ELÉTRICAS PAVILHÕES;08
IE - READEQUAÇÃO INST. ELÉTRICAS PAVILHÕES;09
IE - READEQUAÇÃO INST. ELÉTRICAS PAVILHÕES;09
IE - READEQUAÇÃO INST. ELÉTRICAS PAVILHÕES;09
IE - READEQUAÇÃO INST. ELÉTRICAS PAVILHÕES;09
IE - READEQUAÇÃO INST. ELÉTRICAS PAVILHÕES;09
IE - READEQUAÇÃO INST. ELÉTRICAS PAVILHÕES;09
IE - READEQUAÇÃO INST. ELÉTRICAS PAVILHÕES;09
IE - READEQUAÇÃO INST. ELÉTRICAS PAVILHÕES;09
IE - READEQUAÇÃO INST. ELÉTRICAS PAVILHÕES;09
IE - READEQUAÇÃO INST. ELÉTRICAS PAVILHÕES;09
IE - READEQUAÇÃO INST. ELÉTRICAS PAVILHÕES;09
IE - READEQUAÇÃO INST. ELÉTRICAS PAVILHÕES;09
IE - READEQUAÇÃO INST. ELÉTRICAS PAVILHÕES;09
IE - READEQUAÇÃO INST. ELÉTRICAS PAVILHÕES;09
IE - READEQUAÇÃO INST. ELÉTRICAS PAVILHÕES;09
IE - READEQUAÇÃO INST. ELÉTRICAS PAVILHÕES;09
IE - READEQUAÇÃO INST. ELÉTRICAS PAVILHÕES;09
IE - READEQUAÇÃO INST. ELÉTRICAS PAVILHÕES;10
IE - READEQUAÇÃO INST. ELÉTRICAS PAVILHÕES;10
IE - READEQUAÇÃO INST. ELÉTRICAS PAVILHÕES;10
IE - READEQUAÇÃO INST. ELÉTRICAS PAVILHÕES;10
IE - READEQUAÇÃO INST. ELÉTRICAS PAVILHÕES;10
IE - READEQUAÇÃO INST. ELÉTRICAS PAVILHÕES;10
IE - READEQUAÇÃO INST. ELÉTRICAS PAVILHÕES;10
IE - READEQUAÇÃO INST. ELÉTRICAS PAVILHÕES;10
IE - READEQUAÇÃO INST. ELÉTRICAS PAVILHÕES;10
IE - READEQUAÇÃO INST. ELÉTRICAS PAVILHÕES;10
IE - READEQUAÇÃO INST. ELÉTRICAS PAVILHÕES;11
IE - READEQUAÇÃO INST. ELÉTRICAS PAVILHÕES;11
IE - READEQUAÇÃO INST. ELÉTRICAS PAVILHÕES;11
IE - READEQUAÇÃO INST. ELÉTRICAS PAVILHÕES;11
IE - READEQUAÇÃO INST. ELÉTRICAS PAVILHÕES;11
IE - READEQUAÇÃO INST. ELÉTRICAS PAVILHÕES;11
IE- ADEQUAÇÃO SANITÁRIO PARA PNE;09
IE- AUDITÓRIO PROF. RUBEN TAPIA;11
IE- AUDITÓRIO PROF. RUBEN TAPIA;11
IE- AUDITÓRIO PROF. RUBEN TAPIA;11
IE- CONSTRUÇÃO DE NOVO ESTACIONAMENTO;10
IE- CONSTRUÇÃO DE NOVO ESTACIONAMENTO;11
IE- INSTALAÇÃO DE APARELHOS DE AR CONDICIONADO NAS SALAS DE GRADUAÇÃO DO PAVILHÃO DO IE E NAS DE PÓS GRADUAÇÃO;10
IE- INSTALAÇÃO DE APARELHOS DE AR CONDICIONADO NAS SALAS DE GRADUAÇÃO DO PAVILHÃO DO IE E NAS DE PÓS GRADUAÇÃO;10
IE- INSTALAÇÃO DE APARELHOS DE AR CONDICIONADO NAS SALAS DE GRADUAÇÃO DO PAVILHÃO DO IE E NAS DE PÓS GRADUAÇÃO;11
IE- INSTALAÇÃO DE APARELHOS DE AR CONDICIONADO NAS SALAS DE GRADUAÇÃO DO PAVILHÃO DO IE E NAS DE PÓS GRADUAÇÃO;11
IE- INSTALAÇÃO DE APARELHOS DE AR CONDICIONADO NAS SALAS DE GRADUAÇÃO DO PAVILHÃO DO IE E NAS DE PÓS GRADUAÇÃO;11
IE- INSTALAÇÃO DE APARELHOS DE AR CONDICIONADO NAS SALAS DE GRADUAÇÃO DO PAVILHÃO DO IE E NAS DE PÓS GRADUAÇÃO;11
IE- INSTALAÇÃO DE APARELHOS DE AR CONDICIONADO NAS SALAS DE GRADUAÇÃO DO PAVILHÃO DO IE E NAS DE PÓS GRADUAÇÃO;11
IE- INSTALAÇÃO DE APARELHOS DE AR CONDICIONADO NAS SALAS DE GRADUAÇÃO DO PAVILHÃO DO IE E NAS DE PÓS GRADUAÇÃO;11
IE- LABORATÓRIOS DE INFORMÁTICA (REFORMA SALA 102);08
IE- LABORATÓRIOS DE INFORMÁTICA (REFORMA SALA 102);08
IE- LABORATÓRIOS DE INFORMÁTICA (REFORMA SALA 102);08
IE- REFORMA AUDITÓRIO;11
IEL - REFORMA SALA MULTIUSUÁRIA DE COLEGIADOS;09
IEL - REFORMA SALA MULTIUSUÁRIA DE COLEGIADOS;09
IEL - REFORMA SALA MULTIUSUÁRIA DE COLEGIADOS;10
IEL - REFORMA SALA MULTIUSUÁRIA DE COLEGIADOS;10
IEL - REFORMA SALA MULTIUSUÁRIA DE COLEGIADOS;10
IEL - REFORMA SALA MULTIUSUÁRIA DE COLEGIADOS;10
IEL - REFORMA SALA MULTIUSUÁRIA DE COLEGIADOS;10
IEL - REFORMA SALA MULTIUSUÁRIA DE COLEGIADOS;11
IEL - REFORMA SALA MULTIUSUÁRIA DE COLEGIADOS;11
IEL - REFORMA SALA MULTIUSUÁRIA DE COLEGIADOS;11
IEL- AMPLIAÇÃO DO CENTRO DE CONVIVÊNCIA DE AFÁSICOS;09
IEL- AMPLIAÇÃO DO CENTRO DE CONVIVÊNCIA DE AFÁSICOS;09
IEL- AMPLIAÇÃO DO CENTRO DE CONVIVÊNCIA DE AFÁSICOS;09
IEL- AMPLIAÇÃO DO CENTRO DE CONVIVÊNCIA DE AFÁSICOS;10
IEL- AMPLIAÇÃO DO CENTRO DE CONVIVÊNCIA DE AFÁSICOS;10
IEL- AMPLIAÇÃO DO CENTRO DE CONVIVÊNCIA DE AFÁSICOS;10
IEL- AMPLIAÇÃO DO CENTRO DE CONVIVÊNCIA DE AFÁSICOS;10
IEL- AMPLIAÇÃO DO CENTRO DE CONVIVÊNCIA DE AFÁSICOS;10
IEL- AMPLIAÇÃO DO CENTRO DE CONVIVÊNCIA DE AFÁSICOS;11
IEL- AMPLIAÇÃO DO CENTRO DE CONVIVÊNCIA DE AFÁSICOS;11
IEL- AMPLIAÇÃO DO CENTRO DE CONVIVÊNCIA DE AFÁSICOS;11
IEL- AMPLIAÇÃO DO CENTRO DE CONVIVÊNCIA DE AFÁSICOS;11
IEL- AMPLIAÇÃO DO CENTRO DE CONVIVÊNCIA DE AFÁSICOS;11
IEL- AMPLIAÇÃO DO CENTRO DE CONVIVÊNCIA DE AFÁSICOS;11
IEL- AMPLIAÇÃO DO CENTRO DE CONVIVÊNCIA DE AFÁSICOS;11
IEL- CEDAE (FINEP CT-INFRA 01/07);08
IEL- CEDAE (FINEP CT-INFRA 01/07);08
IEL- CEDAE (FINEP CT-INFRA 01/07);08
IEL- CEDAE (FINEP CT-INFRA 01/07);09
IEL- CEDAE (FINEP CT-INFRA 01/07);09
IEL- CEDAE (FINEP CT-INFRA 01/07);09
IEL- CEDAE (FINEP CT-INFRA 01/07);09
IEL- CEDAE (FINEP CT-INFRA 01/07);09
IEL- CEDAE (FINEP CT-INFRA 01/07);09
IEL- CEDAE (FINEP CT-INFRA 01/07);09
IEL- CEDAE (FINEP CT-INFRA 01/07);09
IEL- CEDAE (FINEP CT-INFRA 01/07);09
IEL- CEDAE (FINEP CT-INFRA 01/07);09
IEL- CEDAE (FINEP CT-INFRA 01/07);09
IEL- CEDAE (FINEP CT-INFRA 01/07);09
IEL- CEDAE (FINEP CT-INFRA 01/07);09
IEL- CEDAE (FINEP CT-INFRA 01/07);09
IEL- CEDAE (FINEP CT-INFRA 01/07);09
IEL- CEDAE (FINEP CT-INFRA 01/07);10
IEL- CEDAE (FINEP CT-INFRA 01/07);10
IEL- CEDAE (FINEP CT-INFRA 01/07);10
IEL- CEDAE (FINEP CT-INFRA 01/07);10
IEL- CEDAE (FINEP CT-INFRA 01/07);10
IEL- CEDAE (FINEP CT-INFRA 01/07);10
IEL- CEDAE (FINEP CT-INFRA 01/07);10
IEL- CEDAE (FINEP CT-INFRA 01/07);10
IEL- CEDAE (FINEP CT-INFRA 01/07);11
IEL- CEDAE (FINEP CT-INFRA 01/07);11
IEL- CEDAE (FINEP CT-INFRA 01/07);11
IEL- CEDAE (FINEP CT-INFRA 01/07);11
IEL- CEDAE (FINEP CT-INFRA 01/07);11
IEL- CEDAE (FINEP CT-INFRA 01/07);11
IEL- CEDAE (FINEP CT-INFRA 01/07);11
IEL- CEDAE (FINEP CT-INFRA 01/07);11
IEL- CEDAE (FINEP CT-INFRA 01/07);11
IEL- CENTRO CULTURAL (REFORMA ANTIGO CARPEN DIEN);08
IEL- CENTRO CULTURAL (REFORMA ANTIGO CARPEN DIEN);08
IEL- CENTRO CULTURAL (REFORMA ANTIGO CARPEN DIEN);08
IEL- CENTRO CULTURAL (REFORMA ANTIGO CARPEN DIEN);08
IEL- CENTRO CULTURAL (REFORMA ANTIGO CARPEN DIEN);08
IEL- CENTRO CULTURAL (REFORMA ANTIGO CARPEN DIEN);09
IEL- CENTRO CULTURAL (REFORMA ANTIGO CARPEN DIEN);09
IEL- CENTRO CULTURAL (REFORMA ANTIGO CARPEN DIEN);09
IEL- CENTRO CULTURAL (REFORMA ANTIGO CARPEN DIEN);09
IEL- CENTRO CULTURAL (REFORMA ANTIGO CARPEN DIEN);09
IEL- CENTRO CULTURAL (REFORMA ANTIGO CARPEN DIEN);09
IEL- CENTRO CULTURAL (REFORMA ANTIGO CARPEN DIEN);09
IEL- CENTRO CULTURAL (REFORMA ANTIGO CARPEN DIEN);09
IEL- CENTRO CULTURAL (REFORMA ANTIGO CARPEN DIEN);09
IEL- CENTRO CULTURAL (REFORMA ANTIGO CARPEN DIEN);09
IEL- CENTRO CULTURAL (REFORMA ANTIGO CARPEN DIEN);09
IEL- CENTRO CULTURAL (REFORMA ANTIGO CARPEN DIEN);09
IEL- CENTRO CULTURAL (REFORMA ANTIGO CARPEN DIEN);09
IEL- CENTRO CULTURAL (REFORMA ANTIGO CARPEN DIEN);09
IEL- CENTRO CULTURAL (REFORMA ANTIGO CARPEN DIEN);10
IEL- CENTRO CULTURAL (REFORMA ANTIGO CARPEN DIEN);10
IEL- CENTRO CULTURAL (REFORMA ANTIGO CARPEN DIEN);10
IEL- CENTRO CULTURAL (REFORMA ANTIGO CARPEN DIEN);11
IEL- CENTRO CULTURAL (REFORMA ANTIGO CARPEN DIEN);11
IEL- CENTRO CULTURAL (REFORMA ANTIGO CARPEN DIEN);11
IEL- CENTRO CULTURAL (REFORMA ANTIGO CARPEN DIEN);11
IEL- CENTRO CULTURAL (REFORMA ANTIGO CARPEN DIEN);11
IEL- CENTRO CULTURAL (REFORMA ANTIGO CARPEN DIEN);11
IEL- CENTRO CULTURAL (REFORMA ANTIGO CARPEN DIEN);11
IEL- CENTRO CULTURAL (REFORMA ANTIGO CARPEN DIEN);11
IEL- CENTRO CULTURAL (REFORMA ANTIGO CARPEN DIEN);11
IEL- CENTRO CULTURAL (REFORMA ANTIGO CARPEN DIEN);11
IEL- CENTRO CULTURAL (REFORMA ANTIGO CARPEN DIEN);11
IEL- CENTRO CULTURAL (REFORMA ANTIGO CARPEN DIEN);11
IEL- CENTRO CULTURAL (REFORMA ANTIGO CARPEN DIEN);11
IEL- CENTRO CULTURAL (REFORMA ANTIGO CARPEN DIEN);11
IEL- CENTRO CULTURAL (REFORMA ANTIGO CARPEN DIEN);11
IEL- PRÉDIO DOCENTES;09
IEL- PRÉDIO DOCENTES;10
IEL- PRÉDIO DOCENTES;10
IEL- PRÉDIO DOCENTES;10
IEL- PRÉDIO DOCENTES;10
IEL- PRÉDIO DOCENTES;10
IEL- PRÉDIO DOCENTES;10
IEL- PRÉDIO DOCENTES;10
IEL- PRÉDIO DOCENTES;10
IEL- PRÉDIO DOCENTES;10
IEL- PRÉDIO DOCENTES;10
IEL- PRÉDIO DOCENTES;11
IEL- PRÉDIO DOCENTES;11
IEL- PRÉDIO DOCENTES;11
IEL- PRÉDIO DOCENTES;11
IEL- PRÉDIO DOCENTES;11
IEL- PRÉDIO DOCENTES;11
IEL- PRÉDIO DOCENTES;11
IEL- PRÉDIO DOCENTES;11
IEL- PRÉDIO DOCENTES;11
IEL- PRÉDIO DOCENTES;11
IEL- PRÉDIO DOCENTES;11
IEL- PRÉDIO DOCENTES;11
IEL- PRÉDIO DOCENTES;11
IEL- PRÉDIO DOCENTES;11
IEL- PRÉDIO DOCENTES;11
IEL- REFORMA PRÉDIO SALAS DE AULA (BLOCO VI);08
IEL- REFORMA PRÉDIO SALAS DE AULA (BLOCO VI);08
IEL- REFORMA PRÉDIO SALAS DE AULA (BLOCO VI);08
IEL- REFORMA PRÉDIO SALAS DE AULA (BLOCO VI);08
IEL- REFORMA PRÉDIO SALAS DE AULA (BLOCO VI);08
IEL- REFORMA PRÉDIO SALAS DE AULA (BLOCO VI);08
IEL- REFORMA PRÉDIO SALAS DE AULA (BLOCO VI);08
IEL- REFORMA PRÉDIO SALAS DE AULA (BLOCO VI);08
IEL- REFORMA PRÉDIO SALAS DE AULA (BLOCO VI);08
IEL- REFORMA PRÉDIO SALAS DE AULA (BLOCO VI);08
IEL- REFORMA PRÉDIO SALAS DE AULA (BLOCO VI);08
IEL- REFORMA PRÉDIO SALAS DE AULA (BLOCO VI);09
IEL- REFORMA PRÉDIO SALAS DE AULA (BLOCO VI);09
IEL- REFORMA PRÉDIO SALAS DE AULA (BLOCO VI);09
IEL- REFORMA PRÉDIO SALAS DE AULA (BLOCO VI);09
IEL- REFORMA PRÉDIO SALAS DE AULA (BLOCO VI);09
IEL- REFORMA PRÉDIO SALAS DE AULA (BLOCO VI);09
IEL- REFORMA PRÉDIO SALAS DE AULA (BLOCO VI);09
IEL- REFORMA PRÉDIO SALAS DE AULA (BLOCO VI);09
IEL- REFORMA PRÉDIO SALAS DE AULA (BLOCO VI);09
IEL- REFORMA PRÉDIO SALAS DE AULA (BLOCO VI);09
IEL- REFORMA PRÉDIO SALAS DE AULA (BLOCO VI);09
IEL- REFORMA PRÉDIO SALAS DE AULA (BLOCO VI);09
IEL- REFORMA PRÉDIO SALAS DE AULA (BLOCO VI);09
IEL- REFORMA PRÉDIO SALAS DE AULA (BLOCO VI);09
IEL- REFORMA PRÉDIO SALAS DE AULA (BLOCO VI);09
IEL- REFORMA PRÉDIO SALAS DE AULA (BLOCO VI);09
IEL- REFORMA PRÉDIO SALAS DE AULA (BLOCO VI);09
IEL- REFORMA PRÉDIO SALAS DE AULA (BLOCO VI);10
IEL- REFORMA PRÉDIO SALAS DE AULA (BLOCO VI);10
IEL- REFORMA PRÉDIO SALAS DE AULA (BLOCO VI);10
IEL- REFORMA PRÉDIO SALAS DE AULA (BLOCO VI);10
IEL- REFORMA PRÉDIO SALAS DE AULA (BLOCO VI);10
IEL- REFORMA PRÉDIO SALAS DE AULA (BLOCO VI);10
IEL- REFORMA PRÉDIO SALAS DE AULA (BLOCO VI);10
IEL- REFORMA PRÉDIO SALAS DE AULA (BLOCO VI);11
IEL- REFORMA PRÉDIO SALAS DE AULA (BLOCO VI);11
IEL- REFORMA PRÉDIO SALAS DE AULA (BLOCO VI);11
IEL- REFORMA PRÉDIO SALAS DE AULA (BLOCO VI);11
IEL- REFORMA PRÉDIO SALAS DE AULA (BLOCO VI);11
IEL- REFORMA PRÉDIO SALAS DE AULA (BLOCO VI);11
IEL- REFORMA PRÉDIO SALAS DE AULA (BLOCO VI);11
IEL- REFORMA PRÉDIO SALAS DE AULA (BLOCO VI);11
IEL- REFORMA PRÉDIO SALAS DE AULA (BLOCO VI);11
IEL- REFORMA PRÉDIO SALAS DE AULA (BLOCO VI);11
IEL- REFORMA PRÉDIO SALAS DE AULA (BLOCO VI)- ETAPA AR CONDICIONADO;10
IEL- REFORMA PRÉDIO SALAS DE AULA (BLOCO VI)- ETAPA AR CONDICIONADO;10
IEL- REFORMA SANITÁRIOS BLOCO VIII;11
IEL- REFORMA SANITÁRIOS BLOCO VIII;11
IEL- REFORMA SANITÁRIOS BLOCO VIII;11
IFCH- AEL- AUTOMAÇÃO PARA O SISTEMA DE CLIMATIZAÇÃO;10
IFCH- AEL- AUTOMAÇÃO PARA O SISTEMA DE CLIMATIZAÇÃO;11
IFCH- AEL- AUTOMAÇÃO PARA O SISTEMA DE CLIMATIZAÇÃO;11
IFCH- AEL- AUTOMAÇÃO PARA O SISTEMA DE CLIMATIZAÇÃO;11
IFCH- AEL- AUTOMAÇÃO PARA O SISTEMA DE CLIMATIZAÇÃO;11
IFCH- AEL- AUTOMAÇÃO PARA O SISTEMA DE CLIMATIZAÇÃO;11
IFCH- AEL- AUTOMAÇÃO PARA O SISTEMA DE CLIMATIZAÇÃO;11
IFCH- AEL- REFORMA DOS CAIXILHOS;11
IFCH- AEL- REFORMA DOS CAIXILHOS;11
IFCH- AMPLIAÇÃO BIBLIOTECA (FINEP- CT-INFRA);08
IFCH- AMPLIAÇÃO BIBLIOTECA (FINEP- CT-INFRA);08
IFCH- AMPLIAÇÃO BIBLIOTECA (FINEP- CT-INFRA);08
IFCH- AMPLIAÇÃO BIBLIOTECA (FINEP- CT-INFRA);08
IFCH- AMPLIAÇÃO BIBLIOTECA (FINEP- CT-INFRA);08
IFCH- AMPLIAÇÃO BIBLIOTECA (FINEP- CT-INFRA);08
IFCH- AMPLIAÇÃO BIBLIOTECA (FINEP- CT-INFRA);08
IFCH- AMPLIAÇÃO BIBLIOTECA (FINEP- CT-INFRA);08
IFCH- AMPLIAÇÃO BIBLIOTECA (FINEP- CT-INFRA);08
IFCH- AMPLIAÇÃO BIBLIOTECA (FINEP- CT-INFRA);08
IFCH- AMPLIAÇÃO BIBLIOTECA (FINEP- CT-INFRA);08
IFCH- AMPLIAÇÃO BIBLIOTECA (FINEP- CT-INFRA);08
IFCH- AMPLIAÇÃO BIBLIOTECA (FINEP- CT-INFRA);08
IFCH- AMPLIAÇÃO BIBLIOTECA (FINEP- CT-INFRA);08
IFCH- AMPLIAÇÃO BIBLIOTECA (FINEP- CT-INFRA);10
IFCH- AMPLIAÇÃO BIBLIOTECA (FINEP- CT-INFRA);10
IFCH- AMPLIAÇÃO BIBLIOTECA (FINEP- CT-INFRA);10
IFCH- AMPLIAÇÃO BIBLIOTECA (FINEP- CT-INFRA);10
IFCH- AMPLIAÇÃO BIBLIOTECA (FINEP- CT-INFRA);11
IFCH- AMPLIAÇÃO BIBLIOTECA (FINEP- CT-INFRA);11
IFCH- AMPLIAÇÃO BIBLIOTECA (FINEP- CT-INFRA);11
IFCH- AMPLIAÇÃO BIBLIOTECA (FINEP- CT-INFRA);11
IFCH- AMPLIAÇÃO BIBLIOTECA (FINEP- CT-INFRA);11
IFCH- AMPLIAÇÃO BIBLIOTECA (FINEP- CT-INFRA);11
IFCH- AMPLIAÇÃO BIBLIOTECA (FINEP- CT-INFRA);11
IFCH- AMPLIAÇÃO BIBLIOTECA (FINEP- CT-INFRA);11
IFCH- AMPLIAÇÃO BIBLIOTECA (FINEP- CT-INFRA);11
IFCH- AMPLIAÇÃO BIBLIOTECA (FINEP- CT-INFRA);11
IFCH- AMPLIAÇÃO BIBLIOTECA (FINEP- CT-INFRA);11
IFCH- AMPLIAÇÃO BIBLIOTECA (FINEP- CT-INFRA);11
IFCH- AMPLIAÇÃO BIBLIOTECA (FINEP- CT-INFRA);11
IFCH- ELEVADOR BIBLIOTECA;08
IFCH- PRÉDIO DOS CENTROS E NÚCLEOS (FINEP);08
IFCH- PRÉDIO DOS CENTROS E NÚCLEOS (FINEP);08
IFCH- PRÉDIO DOS CENTROS E NÚCLEOS (FINEP);08
IFCH- PRÉDIO DOS CENTROS E NÚCLEOS (FINEP);08
IFCH- PRÉDIO DOS CENTROS E NÚCLEOS (FINEP);08
IFCH- PRÉDIO DOS CENTROS E NÚCLEOS (FINEP);08
IFCH- PRÉDIO DOS CENTROS E NÚCLEOS (FINEP);08
IFCH- PRÉDIO DOS CENTROS E NÚCLEOS (FINEP);08
IFCH- PRÉDIO DOS CENTROS E NÚCLEOS (FINEP);08
IFCH- PRÉDIO DOS CENTROS E NÚCLEOS (FINEP);08
IFCH- PRÉDIO DOS CENTROS E NÚCLEOS (FINEP);08
IFCH- PRÉDIO DOS CENTROS E NÚCLEOS (FINEP);08
IFCH- PRÉDIO DOS CENTROS E NÚCLEOS (FINEP);08
IFCH- PRÉDIO DOS CENTROS E NÚCLEOS (FINEP);08
IFCH- PRÉDIO DOS CENTROS E NÚCLEOS (FINEP);08
IFCH- PRÉDIO DOS CENTROS E NÚCLEOS (FINEP);08
IFCH- PRÉDIO DOS CENTROS E NÚCLEOS (FINEP);08
IFCH- PRÉDIO DOS CENTROS E NÚCLEOS (FINEP);08
IFCH- PRÉDIO DOS CENTROS E NÚCLEOS (FINEP);08
IFCH- PRÉDIO DOS CENTROS E NÚCLEOS (FINEP);08
IFCH- PRÉDIO DOS CENTROS E NÚCLEOS (FINEP);08
IFCH- PRÉDIO DOS CENTROS E NÚCLEOS (FINEP);09
IFCH- PRÉDIO DOS CENTROS E NÚCLEOS (FINEP);09
IFCH- PRÉDIO DOS CENTROS E NÚCLEOS (FINEP);09
IFCH- PRÉDIO DOS CENTROS E NÚCLEOS (FINEP);09
IFCH- PRÉDIO DOS CENTROS E NÚCLEOS (FINEP);09
IFCH- PRÉDIO DOS CENTROS E NÚCLEOS (FINEP);09
IFCH- PRÉDIO DOS CENTROS E NÚCLEOS (FINEP);09
IFCH- PRÉDIO DOS CENTROS E NÚCLEOS (FINEP);10
IFCH- PRÉDIO DOS CENTROS E NÚCLEOS (FINEP);10
IFCH- PRÉDIO DOS CENTROS E NÚCLEOS (FINEP);10
IFCH- PRÉDIO DOS CENTROS E NÚCLEOS (FINEP);10
IFCH- PRÉDIO DOS CENTROS E NÚCLEOS (FINEP);10
IFCH- PRÉDIO DOS CENTROS E NÚCLEOS (FINEP);10
IFCH- PRÉDIO DOS CENTROS E NÚCLEOS (FINEP);10
IFCH- PRÉDIO DOS CENTROS E NÚCLEOS (FINEP);10
IFCH- PRÉDIO DOS CENTROS E NÚCLEOS (FINEP);11
IFCH- PRÉDIO DOS CENTROS E NÚCLEOS (FINEP);11
IFCH- PRÉDIO DOS CENTROS E NÚCLEOS (FINEP);11
IFCH- PRÉDIO DOS CENTROS E NÚCLEOS (FINEP);11
IFCH- PRÉDIO DOS CENTROS E NÚCLEOS (FINEP);11
IFCH- PRÉDIO DOS CENTROS E NÚCLEOS (FINEP);11
IFCH- PRÉDIO DOS CENTROS E NÚCLEOS (FINEP);11
IFCH- PRÉDIO DOS CENTROS E NÚCLEOS (FINEP);11
IFCH- PRÉDIO DOS CENTROS E NÚCLEOS (FINEP);11
IFCH- PRÉDIO DOS CENTROS E NÚCLEOS (FINEP);11
IFCH- PRÉDIO DOS CENTROS E NÚCLEOS (FINEP);11
IFCH- PRÉDIO DOS CENTROS E NÚCLEOS (FINEP);11
IFCH- PRÉDIO DOS CENTROS E NÚCLEOS (FINEP);11
IFCH- PRÉDIO DOS CENTROS E NÚCLEOS (FINEP);11
IFCH- PRÉDIO DOS CENTROS E NÚCLEOS (FINEP);11
IFCH- PRÉDIO DOS CENTROS E NÚCLEOS (FINEP);
IFCH- PROJETO ELÉTRICO E DE PPCI PARA A BIBLIOTECA;09
IFCH- PROJETO ELÉTRICO E DE PPCI PARA A BIBLIOTECA;09
IFCH- PROJETO ELÉTRICO E DE PPCI PARA A BIBLIOTECA;09
IFCH- PROJETO ELÉTRICO E DE PPCI PARA A BIBLIOTECA;10
IFCH- PROJETO ELÉTRICO E DE PPCI PARA A BIBLIOTECA;10
IFCH- PROJETO ELÉTRICO E DE PPCI PARA A BIBLIOTECA;10
IFCH- PROJETO ELÉTRICO E DE PPCI PARA A BIBLIOTECA;10
IFCH- PROJETO ELÉTRICO E DE PPCI PARA A BIBLIOTECA;10
IFCH- PROJETO ELÉTRICO E DE PPCI PARA A BIBLIOTECA;10
IFCH- PROJETO ELÉTRICO E DE PPCI PARA A BIBLIOTECA;10
IFCH- PROJETO ELÉTRICO E DE PPCI PARA A BIBLIOTECA;10
IFCH- PROJETO ELÉTRICO E DE PPCI PARA A BIBLIOTECA;10
IFCH- PROJETO ELÉTRICO E DE PPCI PARA A BIBLIOTECA;10
IFCH- PROJETO ELÉTRICO E DE PPCI PARA A BIBLIOTECA;10
IFCH- PROJETO ELÉTRICO E DE PPCI PARA A BIBLIOTECA;10
IFCH- PROJETO ELÉTRICO E DE PPCI PARA A BIBLIOTECA;10
IFCH- PROJETO ELÉTRICO E DE PPCI PARA A BIBLIOTECA;10
IFCH- PROJETO ELÉTRICO E DE PPCI PARA A BIBLIOTECA;10
IFCH- PROJETO ELÉTRICO E DE PPCI PARA A BIBLIOTECA;10
IFCH- PROJETO ELÉTRICO E DE PPCI PARA A BIBLIOTECA;11
IFCH- PROJETO ELÉTRICO E DE PPCI PARA A BIBLIOTECA;11
IFCH- PROJETO ELÉTRICO E DE PPCI PARA A BIBLIOTECA;11
IFCH- PROJETO ELÉTRICO E DE PPCI PARA A BIBLIOTECA;11
IFCH- PROJETO ELÉTRICO E DE PPCI PARA A BIBLIOTECA;11
IFCH- PROJETO ELÉTRICO E DE PPCI PARA A BIBLIOTECA;11
IFCH- PROJETOS CONCLUSÃO OBRA AEL;09
IFCH- PROJETOS CONCLUSÃO OBRA AEL;09
IFCH- PROJETOS CONCLUSÃO OBRA AEL;09
IFCH- PROJETOS CONCLUSÃO OBRA AEL;09
IFCH- PROJETOS CONCLUSÃO OBRA AEL;09
IFCH- PROJETOS CONCLUSÃO OBRA AEL;10
IFCH- PROJETOS CONCLUSÃO OBRA AEL;10
IFCH- PROJETOS CONCLUSÃO OBRA AEL;10
IFCH- REFORMA BANHEIRO FEMININO DA BIBLIOTECA;10
IFCH- REFORMA BANHEIRO FEMININO DA BIBLIOTECA;10
IFCH- REFORMA BANHEIRO FEMININO DA BIBLIOTECA;11
IFCH- REFORMA BANHEIRO FEMININO DA BIBLIOTECA;11
IFCH- REFORMA BANHEIRO FEMININO DA BIBLIOTECA;11
IFCH- RESERVATÓRIO DE INCÊNDIO DO AEL;10
IFCH- RESERVATÓRIO DE INCÊNDIO DO AEL;11
IFCH- RESERVATÓRIO DE INCÊNDIO DO AEL;11
IFCH- RESERVATÓRIO DE INCÊNDIO DO AEL;11
IFGW- ACESSIBILIDADE;10
IFGW- ADEQUAÇÃO PRÉDIO D PARA ACESSIBILIDADE;10
IFGW- ADEQUAÇÃO PRÉDIO D PARA ACESSIBILIDADE;11
IFGW- ADEQUAÇÃO PRÉDIO D PARA ACESSIBILIDADE;11
IFGW- ADEQUAÇÃO PRÉDIO D PARA ACESSIBILIDADE;11
IFGW- ADEQUAÇÃO PRÉDIO D PARA ACESSIBILIDADE;11
IFGW- ADEQUAÇÃO PRÉDIO D PARA ACESSIBILIDADE;11
IFGW- ADEQUAÇÃO PRÉDIO D PARA ACESSIBILIDADE;11
IFGW- ADEQUAÇÃO PRÉDIO D PARA ACESSIBILIDADE;11
IFGW- ADEQUAÇÃO PRÉDIO D PARA ACESSIBILIDADE;11
IFGW- ADEQUAÇÃO PRÉDIO D PARA ACESSIBILIDADE;11
IFGW- ADEQUAÇÃO PRÉDIO D PARA ACESSIBILIDADE;11
IFGW- ADEQUAÇÃO PRÉDIO D PARA ACESSIBILIDADE;11
IFGW- AMPLIAÇÃO BIBLIOTECA;08
IFGW- AMPLIAÇÃO BIBLIOTECA;09
IFGW- AMPLIAÇÃO BIBLIOTECA;10
IFGW- AMPLIAÇÃO BIBLIOTECA;10
IFGW- AMPLIAÇÃO BIBLIOTECA;10
IFGW- AMPLIAÇÃO BIBLIOTECA;10
IFGW- AMPLIAÇÃO BIBLIOTECA;10
IFGW- AMPLIAÇÃO BIBLIOTECA;11
IFGW- AMPLIAÇÃO BIBLIOTECA;11
IFGW- AMPLIAÇÃO BIBLIOTECA;11
IFGW- AMPLIAÇÃO BIBLIOTECA;11
IFGW- ELEVADOR DE CARGAS NO DFA;09
IFGW- ESPAÇO DE VIVÊNCIA;10
IFGW- PRÉDIO FIBER-TO-HTE-LAB-KYATERA (FINEP- CT-INFRA);08
IFGW- PRÉDIO FIBER-TO-HTE-LAB-KYATERA (FINEP- CT-INFRA);08
IFGW- PRÉDIO FIBER-TO-HTE-LAB-KYATERA (FINEP- CT-INFRA);08
IFGW- PRÉDIO FIBER-TO-HTE-LAB-KYATERA (FINEP- CT-INFRA);08
IFGW- PRÉDIO FIBER-TO-HTE-LAB-KYATERA (FINEP- CT-INFRA);08
IFGW- PRÉDIO FIBER-TO-HTE-LAB-KYATERA (FINEP- CT-INFRA);08
IFGW- PRÉDIO FIBER-TO-HTE-LAB-KYATERA (FINEP- CT-INFRA);08
IFGW- PRÉDIO FIBER-TO-HTE-LAB-KYATERA (FINEP- CT-INFRA);08
IFGW- PRÉDIO FIBER-TO-HTE-LAB-KYATERA (FINEP- CT-INFRA);08
IFGW- PRÉDIO FIBER-TO-HTE-LAB-KYATERA (FINEP- CT-INFRA);08
IFGW- PRÉDIO FIBER-TO-HTE-LAB-KYATERA (FINEP- CT-INFRA);08
IFGW- PRÉDIO FIBER-TO-HTE-LAB-KYATERA (FINEP- CT-INFRA);08
IFGW- PRÉDIO FIBER-TO-HTE-LAB-KYATERA (FINEP- CT-INFRA);08
IFGW- PRÉDIO FIBER-TO-HTE-LAB-KYATERA (FINEP- CT-INFRA);08
IFGW- PRÉDIO FIBER-TO-HTE-LAB-KYATERA (FINEP- CT-INFRA);08
IFGW- PRÉDIO FIBER-TO-HTE-LAB-KYATERA (FINEP- CT-INFRA);08
IFGW- PRÉDIO FIBER-TO-HTE-LAB-KYATERA (FINEP- CT-INFRA);08
IFGW- PRÉDIO FIBER-TO-HTE-LAB-KYATERA (FINEP- CT-INFRA);08
IFGW- PRÉDIO FIBER-TO-HTE-LAB-KYATERA (FINEP- CT-INFRA);08
IFGW- PRÉDIO FIBER-TO-HTE-LAB-KYATERA (FINEP- CT-INFRA);08
IFGW- PRÉDIO FIBER-TO-HTE-LAB-KYATERA (FINEP- CT-INFRA);09
IFGW- PRÉDIO FIBER-TO-HTE-LAB-KYATERA (FINEP- CT-INFRA);09
IFGW- PRÉDIO FIBER-TO-HTE-LAB-KYATERA (FINEP- CT-INFRA);09
IFGW- PRÉDIO FIBER-TO-HTE-LAB-KYATERA (FINEP- CT-INFRA);09
IFGW- PRÉDIO FIBER-TO-HTE-LAB-KYATERA (FINEP- CT-INFRA);09
IFGW- PRÉDIO FIBER-TO-HTE-LAB-KYATERA (FINEP- CT-INFRA);10
IFGW- PRÉDIO FIBER-TO-HTE-LAB-KYATERA (FINEP- CT-INFRA);10
IFGW- PRÉDIO FIBER-TO-HTE-LAB-KYATERA (FINEP- CT-INFRA);11
IFGW- PRÉDIO FIBER-TO-HTE-LAB-KYATERA (FINEP- CT-INFRA);11
IFGW- PRÉDIO FIBER-TO-HTE-LAB-KYATERA (FINEP- CT-INFRA);11
IFGW- PRÉDIO FIBER-TO-HTE-LAB-KYATERA (FINEP- CT-INFRA);11
IFGW- PRÉDIO FIBER-TO-HTE-LAB-KYATERA (FINEP- CT-INFRA);11
IFGW- PRÉDIO FIBER-TO-HTE-LAB-KYATERA (FINEP- CT-INFRA);11
IFGW- PRÉDIO FIBER-TO-HTE-LAB-KYATERA (FINEP- CT-INFRA);11
IFGW- PRÉDIO FIBER-TO-HTE-LAB-KYATERA (FINEP- CT-INFRA);11
IFGW- PRÉDIO FIBER-TO-HTE-LAB-KYATERA (FINEP- CT-INFRA);11
IFGW- PRÉDIO FIBER-TO-HTE-LAB-KYATERA (FINEP- CT-INFRA);11
IFGW- QUIOSQUE LEB/LEI;10
IFGW- REFORÇO ESTRUTURAL PRÉDIO PIERRE AUGER;08
IFGW- REFORÇO ESTRUTURAL PRÉDIO PIERRE AUGER;08
IFGW- REFORÇO ESTRUTURAL PRÉDIO PIERRE AUGER;08
IFGW- REFORÇO ESTRUTURAL PRÉDIO PIERRE AUGER;08
IFGW- REFORÇO ESTRUTURAL PRÉDIO PIERRE AUGER;08
IFGW- REFORÇO ESTRUTURAL PRÉDIO PIERRE AUGER;09
IFGW- REFORÇO ESTRUTURAL PRÉDIO PIERRE AUGER;09
IFGW- REFORÇO ESTRUTURAL PRÉDIO PIERRE AUGER;09
IFGW- REFORÇO ESTRUTURAL PRÉDIO PIERRE AUGER;09
IFGW- REFORÇO ESTRUTURAL PRÉDIO PIERRE AUGER;09
IFGW- REFORÇO ESTRUTURAL PRÉDIO PIERRE AUGER;09
IFGW- REFORÇO ESTRUTURAL PRÉDIO PIERRE AUGER;09
IFGW- REFORÇO ESTRUTURAL PRÉDIO PIERRE AUGER;09
IFGW- REFORÇO ESTRUTURAL PRÉDIO PIERRE AUGER;09
IFGW- REFORÇO ESTRUTURAL PRÉDIO PIERRE AUGER;10
IFGW- REFORÇO ESTRUTURAL PRÉDIO PIERRE AUGER;10
IFGW- REFORÇO ESTRUTURAL PRÉDIO PIERRE AUGER;10
IFGW- REFORÇO ESTRUTURAL PRÉDIO PIERRE AUGER;10
IFGW- REFORÇO ESTRUTURAL PRÉDIO PIERRE AUGER;11
IFGW- REFORÇO ESTRUTURAL PRÉDIO PIERRE AUGER;11
IFGW- REVISÃO SISTEMA ELÉTRICO DO IFGW;08
IFGW- REVISÃO SISTEMA ELÉTRICO DO IFGW;08
IFGW- REVISÃO SISTEMA ELÉTRICO DO IFGW;09
IFGW- REVISÃO SISTEMA ELÉTRICO DO IFGW;09
IFGW- REVISÃO SISTEMA ELÉTRICO DO IFGW;10
IFGW- REVISÃO SISTEMA ELÉTRICO DO IFGW;10
IFGW- REVISÃO SISTEMA ELÉTRICO DO IFGW;10
IFGW- REVISÃO SISTEMA ELÉTRICO DO IFGW;10
IFGW- REVISÃO SISTEMA ELÉTRICO DO IFGW;10
IFGW- REVISÃO SISTEMA ELÉTRICO DO IFGW;10
IFGW- REVISÃO SISTEMA ELÉTRICO DO IFGW;10
IFGW- REVISÃO SISTEMA ELÉTRICO DO IFGW;10
IFGW- REVISÃO SISTEMA ELÉTRICO DO IFGW;10
IFGW- SPDA PARA O OBSERVATÓRIO PIERRE AUGER;08
IFGW- SPDA PARA O OBSERVATÓRIO PIERRE AUGER;08
IFGW- SPDA PARA O OBSERVATÓRIO PIERRE AUGER;08
IFGW- SPDA PARA O OBSERVATÓRIO PIERRE AUGER;08
IG- CABINE DE MEDIÇÃO DO IG;08
IG- CABINE DE MEDIÇÃO DO IG;08
IG- CABINE DE MEDIÇÃO DO IG;08
IG- CABINE DE MEDIÇÃO DO IG;08
IG- CABINE DE MEDIÇÃO DO IG;08
IG- CABINE DE MEDIÇÃO DO IG;08
IG- CABINE DE MEDIÇÃO DO IG;10
IG- NOVA SEDE;10
IG- NOVA SEDE;10
IG- NOVA SEDE;10
IG- NOVA SEDE;10
IG- NOVA SEDE;10
IG- NOVA SEDE;11
IG- NOVA SEDE;11
IG- NOVA SEDE;11
IG- NOVA SEDE;11
IG- NOVA SEDE;11
IG- NOVA SEDE;11
IG- REVISÃO PROJETOS SUBSOLO NOVO PRÉDIO IG;09
IG- REVISÃO PROJETOS SUBSOLO NOVO PRÉDIO IG;10
IG- REVISÃO PROJETOS SUBSOLO NOVO PRÉDIO IG;10
IG- REVISÃO PROJETOS SUBSOLO NOVO PRÉDIO IG;10
IG- REVISÃO PROJETOS SUBSOLO NOVO PRÉDIO IG;10
IG- REVISÃO PROJETOS SUBSOLO NOVO PRÉDIO IG;10
IG- REVISÃO PROJETOS SUBSOLO NOVO PRÉDIO IG;10
IG- REVISÃO PROJETOS SUBSOLO NOVO PRÉDIO IG;10
IG- REVISÃO PROJETOS SUBSOLO NOVO PRÉDIO IG;10
IG- REVISÃO PROJETOS SUBSOLO NOVO PRÉDIO IG;11
IG- REVISÃO PROJETOS SUBSOLO NOVO PRÉDIO IG;11
IG- REVISÃO PROJETOS SUBSOLO NOVO PRÉDIO IG;11
IMECC - READEQUAÇÃO PRÉDIO PÓS GRADUAÇÃO;08
IMECC- AMPLIAÇÃO SUBSOLO (FINEP CT-INFRA);08
IMECC- AMPLIAÇÃO SUBSOLO (FINEP CT-INFRA);08
IMECC- AMPLIAÇÃO SUBSOLO (FINEP CT-INFRA);08
IMECC- AMPLIAÇÃO SUBSOLO (FINEP CT-INFRA);08
IMECC- AMPLIAÇÃO SUBSOLO (FINEP CT-INFRA);11
IMECC- AMPLIAÇÃO SUBSOLO (FINEP CT-INFRA);11
IMECC- ÁREA DE CONVÍVIO EXTERNO;10
IMECC- ELEVADOR;08
IMECC- ELEVADOR;08
IMECC- ELEVADOR;08
IMECC- ELEVADOR;08
IMECC- ELEVADOR;08
IMECC- ELEVADOR;08
IMECC- ELEVADOR;08
IMECC- ELEVADOR;08
IMECC- ELEVADOR;08
IMECC- ELEVADOR;09
IMECC- ELEVADOR;09
IMECC- ELEVADOR;09
IMECC- ELEVADOR;09
IMECC- ELEVADOR;09
IMECC- ELEVADOR;09
IMECC- ELEVADOR;09
IMECC- ELEVADOR;09
IMECC- ELEVADOR;09
IMECC- ELEVADOR;10
IMECC- ELEVADOR;10
IMECC- ELEVADOR;10
IMECC- ELEVADOR;10
IMECC- ELEVADOR;10
IMECC- ELEVADOR;11
IMECC- ELEVADOR;11
IMECC- ELEVADOR;11
IMECC- ELEVADOR;11
IMECC- ELEVADOR;11
IMECC- PRÉDIO LAB COMPUTAÇÃO CIENTÍFICA;08
IMECC- PRÉDIO LAB COMPUTAÇÃO CIENTÍFICA;08
IMECC- PRÉDIO LAB COMPUTAÇÃO CIENTÍFICA;08
IMECC- PRÉDIO LAB COMPUTAÇÃO CIENTÍFICA;08
IMECC- PRÉDIO LAB COMPUTAÇÃO CIENTÍFICA;08
IMECC- PRÉDIO LAB COMPUTAÇÃO CIENTÍFICA;08
IMECC- PRÉDIO LAB COMPUTAÇÃO CIENTÍFICA;08
IMECC- PRÉDIO LAB COMPUTAÇÃO CIENTÍFICA;08
IMECC- PRÉDIO LAB COMPUTAÇÃO CIENTÍFICA;08
IMECC- PRÉDIO LAB COMPUTAÇÃO CIENTÍFICA;09
IMECC- PRÉDIO LAB COMPUTAÇÃO CIENTÍFICA;09
IMECC- PRÉDIO LAB COMPUTAÇÃO CIENTÍFICA;09
IMECC- PRÉDIO LAB COMPUTAÇÃO CIENTÍFICA;09
IMECC- PRÉDIO LAB COMPUTAÇÃO CIENTÍFICA;09
IMECC- PRÉDIO LAB COMPUTAÇÃO CIENTÍFICA;09
IMECC- PRÉDIO LAB COMPUTAÇÃO CIENTÍFICA;09
IMECC- PRÉDIO LAB COMPUTAÇÃO CIENTÍFICA;09
IMECC- PRÉDIO LAB COMPUTAÇÃO CIENTÍFICA;09
IMECC- PRÉDIO LAB COMPUTAÇÃO CIENTÍFICA;09
IMECC- PRÉDIO LAB COMPUTAÇÃO CIENTÍFICA;09
IMECC- PRÉDIO LAB COMPUTAÇÃO CIENTÍFICA;09
IMECC- PRÉDIO LAB COMPUTAÇÃO CIENTÍFICA;09
IMECC- PRÉDIO LAB COMPUTAÇÃO CIENTÍFICA;09
IMECC- PRÉDIO LAB COMPUTAÇÃO CIENTÍFICA;09
IMECC- PRÉDIO LAB COMPUTAÇÃO CIENTÍFICA;09
IMECC- PRÉDIO LAB COMPUTAÇÃO CIENTÍFICA;09
IMECC- PRÉDIO LAB COMPUTAÇÃO CIENTÍFICA;09
IMECC- PRÉDIO LAB COMPUTAÇÃO CIENTÍFICA;09
IMECC- PRÉDIO LAB COMPUTAÇÃO CIENTÍFICA;09
IMECC- PRÉDIO LAB COMPUTAÇÃO CIENTÍFICA;09
IMECC- PRÉDIO LAB COMPUTAÇÃO CIENTÍFICA;09
IMECC- PRÉDIO LAB COMPUTAÇÃO CIENTÍFICA;09
IMECC- PRÉDIO LAB COMPUTAÇÃO CIENTÍFICA;09
IMECC- PRÉDIO LAB COMPUTAÇÃO CIENTÍFICA;09
IMECC- PRÉDIO LAB COMPUTAÇÃO CIENTÍFICA;09
IMECC- PRÉDIO LAB COMPUTAÇÃO CIENTÍFICA;09
IMECC- PRÉDIO LAB COMPUTAÇÃO CIENTÍFICA;10
IMECC- PRÉDIO LAB COMPUTAÇÃO CIENTÍFICA;10
IMECC- PRÉDIO LAB COMPUTAÇÃO CIENTÍFICA;10
IMECC- PRÉDIO LAB COMPUTAÇÃO CIENTÍFICA;10
IMECC- PRÉDIO LAB COMPUTAÇÃO CIENTÍFICA;10
IMECC- PRÉDIO LAB COMPUTAÇÃO CIENTÍFICA;10
IMECC- PRÉDIO LAB COMPUTAÇÃO CIENTÍFICA;10
IMECC- PRÉDIO LAB COMPUTAÇÃO CIENTÍFICA;10
IMECC- PRÉDIO LAB COMPUTAÇÃO CIENTÍFICA;10
IMECC- PRÉDIO LAB COMPUTAÇÃO CIENTÍFICA;10
IMECC- PRÉDIO LAB COMPUTAÇÃO CIENTÍFICA;10
IMECC- PRÉDIO LAB COMPUTAÇÃO CIENTÍFICA;11
IMECC- PRÉDIO LAB COMPUTAÇÃO CIENTÍFICA;11
IMECC- PRÉDIO LAB COMPUTAÇÃO CIENTÍFICA;11
IMECC- PRÉDIO LAB COMPUTAÇÃO CIENTÍFICA;11
IMECC- REDE ELÉTRICA ESTABILIZADA;08
IMECC- REDE ELÉTRICA ESTABILIZADA;08
IMECC- REDE ELÉTRICA ESTABILIZADA;08
IMECC- REDE ELÉTRICA ESTABILIZADA;08
IMECC- REDE ELÉTRICA ESTABILIZADA;09
IMECC- REDE ELÉTRICA ESTABILIZADA;09
IMECC- REDE ELÉTRICA ESTABILIZADA;09
IMECC- REDE ELÉTRICA ESTABILIZADA;09
IMECC- REDE ELÉTRICA ESTABILIZADA;09
IMECC- REDE ELÉTRICA ESTABILIZADA;09
IMECC- REDE ELÉTRICA ESTABILIZADA;09
IMECC- REDE ELÉTRICA ESTABILIZADA;09
IMECC- REDE ELÉTRICA ESTABILIZADA;09
IMECC- REDE ELÉTRICA ESTABILIZADA;09
IMECC- REDE ELÉTRICA ESTABILIZADA;09
IMECC- REDE ELÉTRICA ESTABILIZADA;09
IMECC- REDE ELÉTRICA ESTABILIZADA;09
IMECC- REDE ELÉTRICA ESTABILIZADA;09
IMECC- REDE ELÉTRICA ESTABILIZADA;09
IMECC- REDE ELÉTRICA ESTABILIZADA;09
IMECC- REDE ELÉTRICA ESTABILIZADA;09
IMECC- REDE ELÉTRICA ESTABILIZADA;09
IMECC- REDE ELÉTRICA ESTABILIZADA;09
IMECC- REDE ELÉTRICA ESTABILIZADA;10
IMECC- REDE ELÉTRICA ESTABILIZADA;10
IMECC- REDE ELÉTRICA ESTABILIZADA;10
IMECC- REDE ELÉTRICA ESTABILIZADA;10
IMECC- REFORMA NO BLOCO MODULADO;08
IMECC- REFORMA NO BLOCO MODULADO;08
IMECC- REFORMA NO BLOCO MODULADO;08
IMECC- REFORMA NO BLOCO MODULADO;09
IMECC- REFORMA NO BLOCO MODULADO;10
IMECC- REFORMA SANITÁRIOS;09
IMECC- REFORMA SANITÁRIOS;10
IMECC- REFORMA SANITÁRIOS;11
INOVA- CONVÊNIO CAMERON;11
INOVA- CONVÊNIO CAMERON;11
INOVA- CONVÊNIO CAMERON;11
INOVA- EDIF INCUBADORA POLO INOVAÇÃO UNICAMP;08
INOVA- EDIF INCUBADORA POLO INOVAÇÃO UNICAMP;09
INOVA- EDIF INCUBADORA POLO INOVAÇÃO UNICAMP;09
INOVA- EDIF INCUBADORA POLO INOVAÇÃO UNICAMP;09
INOVA- EDIF INCUBADORA POLO INOVAÇÃO UNICAMP;09
INOVA- EDIF INCUBADORA POLO INOVAÇÃO UNICAMP;09
INOVA- EDIF INCUBADORA POLO INOVAÇÃO UNICAMP;09
INOVA- EDIF INCUBADORA POLO INOVAÇÃO UNICAMP;09
INOVA- EDIF INCUBADORA POLO INOVAÇÃO UNICAMP;09
INOVA- EDIF INCUBADORA POLO INOVAÇÃO UNICAMP;09
INOVA- EDIF INCUBADORA POLO INOVAÇÃO UNICAMP;09
INOVA- EDIF INCUBADORA POLO INOVAÇÃO UNICAMP;09
INOVA- EDIF INCUBADORA POLO INOVAÇÃO UNICAMP;09
INOVA- EDIF INCUBADORA POLO INOVAÇÃO UNICAMP;09
INOVA- EDIF INCUBADORA POLO INOVAÇÃO UNICAMP;09
INOVA- EDIF INCUBADORA POLO INOVAÇÃO UNICAMP;09
INOVA- EDIF INCUBADORA POLO INOVAÇÃO UNICAMP;09
INOVA- EDIF INCUBADORA POLO INOVAÇÃO UNICAMP;09
INOVA- EDIF INCUBADORA POLO INOVAÇÃO UNICAMP;09
INOVA- EDIF INCUBADORA POLO INOVAÇÃO UNICAMP;09
INOVA- EDIF INCUBADORA POLO INOVAÇÃO UNICAMP;09
INOVA- EDIF INCUBADORA POLO INOVAÇÃO UNICAMP;09
INOVA- EDIF INCUBADORA POLO INOVAÇÃO UNICAMP;09
INOVA- EDIF INCUBADORA POLO INOVAÇÃO UNICAMP;09
INOVA- EDIF INCUBADORA POLO INOVAÇÃO UNICAMP;09
INOVA- EDIF INCUBADORA POLO INOVAÇÃO UNICAMP;09
INOVA- EDIF INCUBADORA POLO INOVAÇÃO UNICAMP;09
INOVA- EDIF INCUBADORA POLO INOVAÇÃO UNICAMP;09
INOVA- EDIF INCUBADORA POLO INOVAÇÃO UNICAMP;09
INOVA- EDIF INCUBADORA POLO INOVAÇÃO UNICAMP;09
INOVA- EDIF INCUBADORA POLO INOVAÇÃO UNICAMP;09
INOVA- EDIF INCUBADORA POLO INOVAÇÃO UNICAMP;09
INOVA- EDIF INCUBADORA POLO INOVAÇÃO UNICAMP;10
INOVA- EDIF INCUBADORA POLO INOVAÇÃO UNICAMP;10
INOVA- EDIF INCUBADORA POLO INOVAÇÃO UNICAMP;10
INOVA- EDIF INCUBADORA POLO INOVAÇÃO UNICAMP;10
INOVA- EDIF INCUBADORA POLO INOVAÇÃO UNICAMP;10
INOVA- EDIF INCUBADORA POLO INOVAÇÃO UNICAMP;10
INOVA- EDIF INCUBADORA POLO INOVAÇÃO UNICAMP;10
INOVA- EDIF INCUBADORA POLO INOVAÇÃO UNICAMP;10
INOVA- EDIF INCUBADORA POLO INOVAÇÃO UNICAMP;10
INOVA- EDIF INCUBADORA POLO INOVAÇÃO UNICAMP;10
INOVA- EDIF INCUBADORA POLO INOVAÇÃO UNICAMP;10
INOVA- EDIF INCUBADORA POLO INOVAÇÃO UNICAMP;10
INOVA- EDIF INCUBADORA POLO INOVAÇÃO UNICAMP;10
INOVA- EDIF INCUBADORA POLO INOVAÇÃO UNICAMP;10
INOVA- EDIF INCUBADORA POLO INOVAÇÃO UNICAMP;10
INOVA- EDIF INCUBADORA POLO INOVAÇÃO UNICAMP;10
INOVA- EDIF INCUBADORA POLO INOVAÇÃO UNICAMP;10
INOVA- EDIF INCUBADORA POLO INOVAÇÃO UNICAMP;10
INOVA- EDIF INCUBADORA POLO INOVAÇÃO UNICAMP;10
INOVA- EDIF INCUBADORA POLO INOVAÇÃO UNICAMP;11
INOVA- EDIF INCUBADORA POLO INOVAÇÃO UNICAMP;11
INOVA- EDIF INCUBADORA POLO INOVAÇÃO UNICAMP;11
INOVA- EDIF INCUBADORA POLO INOVAÇÃO UNICAMP;11
INOVA- EDIF INCUBADORA POLO INOVAÇÃO UNICAMP;11
INOVA- EDIF INCUBADORA POLO INOVAÇÃO UNICAMP;11
INOVA- EDIF INCUBADORA POLO INOVAÇÃO UNICAMP;11
INOVA- EDIF INCUBADORA POLO INOVAÇÃO UNICAMP;11
INOVA- EDIF PADRÃO POLO INOVAÇÃO UNICAMP;09
INOVA- EDIF PADRÃO POLO INOVAÇÃO UNICAMP;09
INOVA- EDIF PADRÃO POLO INOVAÇÃO UNICAMP;09
INOVA- EDIF PADRÃO POLO INOVAÇÃO UNICAMP;09
INOVA- EDIF PADRÃO POLO INOVAÇÃO UNICAMP;10
INOVA- EDIF PADRÃO POLO INOVAÇÃO UNICAMP;10
INOVA- EDIF PADRÃO POLO INOVAÇÃO UNICAMP;10
INOVA- EDIF PADRÃO POLO INOVAÇÃO UNICAMP;10
INOVA- EDIF PADRÃO POLO INOVAÇÃO UNICAMP;10
INOVA- EDIF PADRÃO POLO INOVAÇÃO UNICAMP;10
INOVA- EDIF PADRÃO POLO INOVAÇÃO UNICAMP;10
INOVA- EDIF PADRÃO POLO INOVAÇÃO UNICAMP;10
INOVA- EDIF PADRÃO POLO INOVAÇÃO UNICAMP;10
INOVA- EDIF PADRÃO POLO INOVAÇÃO UNICAMP;10
INOVA- EDIF PADRÃO POLO INOVAÇÃO UNICAMP;10
INOVA- EDIF PADRÃO POLO INOVAÇÃO UNICAMP;10
INOVA- EDIF PADRÃO POLO INOVAÇÃO UNICAMP;10
INOVA- EDIF PADRÃO POLO INOVAÇÃO UNICAMP;10
INOVA- EDIF PADRÃO POLO INOVAÇÃO UNICAMP;10
INOVA- EDIF PADRÃO POLO INOVAÇÃO UNICAMP;10
INOVA- EDIF PADRÃO POLO INOVAÇÃO UNICAMP;10
INOVA- EDIF PADRÃO POLO INOVAÇÃO UNICAMP;10
INOVA- EDIF PADRÃO POLO INOVAÇÃO UNICAMP;10
INOVA- EDIF PADRÃO POLO INOVAÇÃO UNICAMP;10
INOVA- EDIF PADRÃO POLO INOVAÇÃO UNICAMP;10
INOVA- EDIF PADRÃO POLO INOVAÇÃO UNICAMP;10
INOVA- EDIF PADRÃO POLO INOVAÇÃO UNICAMP;11
INOVA- EDIF PADRÃO POLO INOVAÇÃO UNICAMP;11
INOVA- EDIF PADRÃO POLO INOVAÇÃO UNICAMP;11
INOVA- ESTUDO HIDROLÓGICO E REDIMENSIONAMENTO DE REDES;10
INOVA- ESTUDO HIDROLÓGICO E REDIMENSIONAMENTO DE REDES;10
INOVA- ESTUDO HIDROLÓGICO E REDIMENSIONAMENTO DE REDES;11
INOVA- ESTUDO HIDROLÓGICO E REDIMENSIONAMENTO DE REDES;11
INOVA- ESTUDO HIDROLÓGICO E REDIMENSIONAMENTO DE REDES;11
INOVA- ESTUDO HIDROLÓGICO E REDIMENSIONAMENTO DE REDES;11
INOVA- ESTUDO HIDROLÓGICO E REDIMENSIONAMENTO DE REDES;11
INOVA- ESTUDO HIDROLÓGICO E REDIMENSIONAMENTO DE REDES;11
INOVA- LAB INOVAÇÃO BIOCOMBUSTÍVEIS FLIB (FINEP- CT-INFRA);08
INOVA- LAB INOVAÇÃO BIOCOMBUSTÍVEIS FLIB (FINEP- CT-INFRA);08
INOVA- LAB INOVAÇÃO BIOCOMBUSTÍVEIS FLIB (FINEP- CT-INFRA);08
INOVA- LAB INOVAÇÃO BIOCOMBUSTÍVEIS FLIB (FINEP- CT-INFRA);08
INOVA- LAB INOVAÇÃO BIOCOMBUSTÍVEIS FLIB (FINEP- CT-INFRA);08
INOVA- LAB INOVAÇÃO BIOCOMBUSTÍVEIS FLIB (FINEP- CT-INFRA);08
INOVA- LAB INOVAÇÃO BIOCOMBUSTÍVEIS FLIB (FINEP- CT-INFRA);08
INOVA- LAB INOVAÇÃO BIOCOMBUSTÍVEIS FLIB (FINEP- CT-INFRA);08
INOVA- LAB INOVAÇÃO BIOCOMBUSTÍVEIS FLIB (FINEP- CT-INFRA);08
INOVA- LAB INOVAÇÃO BIOCOMBUSTÍVEIS FLIB (FINEP- CT-INFRA);08
INOVA- LAB INOVAÇÃO BIOCOMBUSTÍVEIS FLIB (FINEP- CT-INFRA);08
INOVA- LAB INOVAÇÃO BIOCOMBUSTÍVEIS FLIB (FINEP- CT-INFRA);08
INOVA- LAB INOVAÇÃO BIOCOMBUSTÍVEIS FLIB (FINEP- CT-INFRA);08
INOVA- LAB INOVAÇÃO BIOCOMBUSTÍVEIS FLIB (FINEP- CT-INFRA);08
INOVA- LAB INOVAÇÃO BIOCOMBUSTÍVEIS FLIB (FINEP- CT-INFRA);08
INOVA- LAB INOVAÇÃO BIOCOMBUSTÍVEIS FLIB (FINEP- CT-INFRA);08
INOVA- LAB INOVAÇÃO BIOCOMBUSTÍVEIS FLIB (FINEP- CT-INFRA);08
INOVA- LAB INOVAÇÃO BIOCOMBUSTÍVEIS FLIB (FINEP- CT-INFRA);09
INOVA- LAB INOVAÇÃO BIOCOMBUSTÍVEIS FLIB (FINEP- CT-INFRA);09
INOVA- LAB INOVAÇÃO BIOCOMBUSTÍVEIS FLIB (FINEP- CT-INFRA);09
INOVA- LAB INOVAÇÃO BIOCOMBUSTÍVEIS FLIB (FINEP- CT-INFRA);09
INOVA- LAB INOVAÇÃO BIOCOMBUSTÍVEIS FLIB (FINEP- CT-INFRA);09
INOVA- LAB INOVAÇÃO BIOCOMBUSTÍVEIS FLIB (FINEP- CT-INFRA);09
INOVA- LAB INOVAÇÃO BIOCOMBUSTÍVEIS FLIB (FINEP- CT-INFRA);09
INOVA- LAB INOVAÇÃO BIOCOMBUSTÍVEIS FLIB (FINEP- CT-INFRA);09
INOVA- LAB INOVAÇÃO BIOCOMBUSTÍVEIS FLIB (FINEP- CT-INFRA);10
INOVA- LAB INOVAÇÃO BIOCOMBUSTÍVEIS FLIB (FINEP- CT-INFRA);11
INOVA- LAB INOVAÇÃO BIOCOMBUSTÍVEIS FLIB (FINEP- CT-INFRA);11
INOVA- LAB INOVAÇÃO BIOCOMBUSTÍVEIS FLIB (FINEP- CT-INFRA);11
INOVA- LAB INOVAÇÃO BIOCOMBUSTÍVEIS FLIB (FINEP- CT-INFRA);11
INOVA- LAB INOVAÇÃO BIOCOMBUSTÍVEIS FLIB (FINEP- CT-INFRA);11
INOVA- LAB INOVAÇÃO BIOCOMBUSTÍVEIS FLIB (FINEP- CT-INFRA);11
INOVA- LAB INOVAÇÃO BIOCOMBUSTÍVEIS FLIB (FINEP- CT-INFRA);11
INOVA- LAB INOVAÇÃO BIOCOMBUSTÍVEIS FLIB (FINEP- CT-INFRA);11
INOVA- PPCI PARA O PRÉDIO DA INOVASOFT;10
INOVA- PPCI PARA O PRÉDIO DA INOVASOFT;10
INOVA- PPCI PARA O PRÉDIO DA INOVASOFT;11
INOVA- PPCI PARA O PRÉDIO DA INOVASOFT;11
INOVA- PPCI PARA O PRÉDIO DA INOVASOFT;11
INOVA- PPCI PARA O PRÉDIO DA INOVASOFT;11
INOVA- PPCI PARA O PRÉDIO DA INOVASOFT;11
INOVA- PPCI PARA O PRÉDIO DA INOVASOFT;11
INOVA- PPCI PARA O PRÉDIO DA INOVASOFT;11
INOVA- PPCI PARA O PRÉDIO DA INOVASOFT;11
INOVA- REFORMA SANITÁRIOS PRÉDIO INOVA E PREFEITURA;09
INOVA- REFORMA SANITÁRIOS PRÉDIO INOVA E PREFEITURA;09
INOVA- REFORMA SANITÁRIOS PRÉDIO INOVA E PREFEITURA;11
INOVA- REFORMA SANITÁRIOS PRÉDIO INOVA E PREFEITURA;11
INOVA- REFORMA SANITÁRIOS PRÉDIO INOVA E PREFEITURA;11
INOVA- REFORMA SANITÁRIOS PRÉDIO INOVA E PREFEITURA;11
INOVA- REFORMA SANITÁRIOS PRÉDIO INOVA E PREFEITURA;11
INOVA- REFORMA SANITÁRIOS PRÉDIO INOVA E PREFEITURA;11
INOVA- REFORMA SANITÁRIOS PRÉDIO INOVA E PREFEITURA;11
INOVA- REFORMA SANITÁRIOS PRÉDIO INOVA E PREFEITURA;11
INOVA- REFORMA SANITÁRIOS PRÉDIO INOVA E PREFEITURA;11
INOVA- REFORMA SANITÁRIOS PRÉDIO INOVA E PREFEITURA;11
INOVA- URBANIZ POLO INOVAÇÃO UNICAMP;09
INOVA- URBANIZ POLO INOVAÇÃO UNICAMP;09
INOVA- URBANIZ POLO INOVAÇÃO UNICAMP;09
INOVA- URBANIZ POLO INOVAÇÃO UNICAMP;09
INOVA- URBANIZ POLO INOVAÇÃO UNICAMP;09
INOVA- URBANIZ POLO INOVAÇÃO UNICAMP;09
INOVA- URBANIZ POLO INOVAÇÃO UNICAMP;09
INOVA- URBANIZ POLO INOVAÇÃO UNICAMP;09
INOVA- URBANIZ POLO INOVAÇÃO UNICAMP;09
INOVA- URBANIZ POLO INOVAÇÃO UNICAMP;09
INOVA- URBANIZ POLO INOVAÇÃO UNICAMP;10
INOVA- URBANIZ POLO INOVAÇÃO UNICAMP;10
INOVA- URBANIZ POLO INOVAÇÃO UNICAMP;10
INOVA- URBANIZ POLO INOVAÇÃO UNICAMP;10
INOVA- URBANIZ POLO INOVAÇÃO UNICAMP;10
INOVA- URBANIZ POLO INOVAÇÃO UNICAMP;10
INOVA- URBANIZ POLO INOVAÇÃO UNICAMP;10
INOVA- URBANIZ POLO INOVAÇÃO UNICAMP;10
INOVA- URBANIZ POLO INOVAÇÃO UNICAMP;10
INOVA- URBANIZ POLO INOVAÇÃO UNICAMP;10
INOVA- URBANIZ POLO INOVAÇÃO UNICAMP;10
INOVA- URBANIZ POLO INOVAÇÃO UNICAMP;10
INOVA- URBANIZ POLO INOVAÇÃO UNICAMP;10
INOVA- URBANIZ POLO INOVAÇÃO UNICAMP;10
INOVA- URBANIZ POLO INOVAÇÃO UNICAMP;10
INOVA- URBANIZ POLO INOVAÇÃO UNICAMP;10
INOVA- URBANIZ POLO INOVAÇÃO UNICAMP;10
INOVA- URBANIZ POLO INOVAÇÃO UNICAMP;10
INOVA- URBANIZ POLO INOVAÇÃO UNICAMP;10
INOVA- URBANIZ POLO INOVAÇÃO UNICAMP;10
INOVA- URBANIZ POLO INOVAÇÃO UNICAMP;10
INOVA- URBANIZ POLO INOVAÇÃO UNICAMP;10
INOVA- URBANIZ POLO INOVAÇÃO UNICAMP;10
INOVA- URBANIZ POLO INOVAÇÃO UNICAMP;10
INOVA- URBANIZ POLO INOVAÇÃO UNICAMP;10
INOVA- URBANIZ POLO INOVAÇÃO UNICAMP;10
INOVA- URBANIZ POLO INOVAÇÃO UNICAMP;10
INOVA- URBANIZ POLO INOVAÇÃO UNICAMP;10
INOVA- URBANIZ POLO INOVAÇÃO UNICAMP;10
INOVA- URBANIZ POLO INOVAÇÃO UNICAMP;10
INOVA- URBANIZ POLO INOVAÇÃO UNICAMP;10
INOVA- URBANIZ POLO INOVAÇÃO UNICAMP;10
INOVA- URBANIZ POLO INOVAÇÃO UNICAMP;11
INOVA- URBANIZ POLO INOVAÇÃO UNICAMP;11
INOVA- URBANIZ POLO INOVAÇÃO UNICAMP;11
INOVA- URBANIZ POLO INOVAÇÃO UNICAMP;11
INOVA- URBANIZ POLO INOVAÇÃO UNICAMP;11
INOVA- URBANIZ POLO INOVAÇÃO UNICAMP;11
INOVA- URBANIZ POLO INOVAÇÃO UNICAMP;11
INOVA- URBANIZ POLO INOVAÇÃO UNICAMP;11
INOVA- URBANIZ POLO INOVAÇÃO UNICAMP;11
INOVA- URBANIZ POLO INOVAÇÃO UNICAMP;11
INOVA- URBANIZ POLO INOVAÇÃO UNICAMP;11
INOVA- URBANIZ POLO INOVAÇÃO UNICAMP;11
INOVA- URBANIZ POLO INOVAÇÃO UNICAMP;11
INOVA- URBANIZ POLO INOVAÇÃO UNICAMP;11
INOVA- URBANIZ POLO INOVAÇÃO UNICAMP;
NEPAM- REFORMA;09
NEPAM- REFORMA;10
NEPAM- REFORMA;10
NEPAM- REFORMA;10
NEPAM- REFORMA;10
NEPAM- REFORMA;10
NEPAM- REFORMA;10
NEPAM- REFORMA;11
NEPAM- REFORMA;11
NEPAM- REFORMA;11
NEPAM- REFORMA;11
NEPAM- REFORMA;11
NEPAM- REFORMA;11
NEPP- AMPLIAÇÃO PRÉDIO NEPP;09
NEPP- AMPLIAÇÃO PRÉDIO NEPP;10
NEPP- AMPLIAÇÃO PRÉDIO NEPP;10
NEPP- AMPLIAÇÃO PRÉDIO NEPP;11
NEPP- AMPLIAÇÃO PRÉDIO NEPP;11
NEPP- AMPLIAÇÃO PRÉDIO NEPP;11
NEPP- AMPLIAÇÃO PRÉDIO NEPP;11
NEPP- AMPLIAÇÃO PRÉDIO NEPP;11
NEPP- AMPLIAÇÃO PRÉDIO NEPP;11
NEPP- AMPLIAÇÃO PRÉDIO NEPP;11
NEPP- AMPLIAÇÃO PRÉDIO NEPP;11
NEPP- AMPLIAÇÃO PRÉDIO NEPP;11
NEPP- AMPLIAÇÃO PRÉDIO NEPP;11
NEPP- AMPLIAÇÃO PRÉDIO NEPP;11
NEPP- AMPLIAÇÃO PRÉDIO NEPP;11
NEPP- AMPLIAÇÃO PRÉDIO NEPP;11
NEPP- AMPLIAÇÃO PRÉDIO NEPP;11
NEPP- AMPLIAÇÃO PRÉDIO NEPP;11
NEPP- AMPLIAÇÃO PRÉDIO NEPP;11
NIPE- CONCLUSÃO DA OBRA DO NIPE;10
NIPE- CONCLUSÃO DA OBRA DO NIPE;10
NIPE- CONCLUSÃO DA OBRA DO NIPE;10
NIPE- CONCLUSÃO DA OBRA DO NIPE;10
NIPE- CONCLUSÃO DA OBRA DO NIPE;10
NIPE- CONCLUSÃO DA OBRA DO NIPE;10
NIPE- CONCLUSÃO DA OBRA DO NIPE;10
NIPE- CONCLUSÃO DA OBRA DO NIPE;10
NIPE- CONCLUSÃO DA OBRA DO NIPE;10
NIPE- CONCLUSÃO DA OBRA DO NIPE;11
NIPE- CONCLUSÃO DA OBRA DO NIPE;11
NIPE- CONCLUSÃO DA OBRA DO NIPE;11
NUDECRI- NOVO PRÉDIO;08
NUDECRI- NOVO PRÉDIO;08
NUDECRI- NOVO PRÉDIO;08
NUDECRI- NOVO PRÉDIO;08
NUDECRI- NOVO PRÉDIO;08
NUDECRI- NOVO PRÉDIO;08
NUDECRI- NOVO PRÉDIO;08
NUDECRI- NOVO PRÉDIO;08
NUDECRI- NOVO PRÉDIO;10
NUDECRI- NOVO PRÉDIO;10
NUDECRI- NOVO PRÉDIO;10
NUDECRI- NOVO PRÉDIO;10
NUDECRI- NOVO PRÉDIO;10
NUDECRI- NOVO PRÉDIO;11
NUDECRI- NOVO PRÉDIO;11
NUDECRI- NOVO PRÉDIO;11
NUDECRI- NOVO PRÉDIO;11
NUDECRI- NOVO PRÉDIO;11
PME- NOVA SEDE DA ADMINISTRAÇÃO E ALMOXARIFADO;10
PME- NOVA SEDE DA ADMINISTRAÇÃO E ALMOXARIFADO;10
PME- NOVA SEDE DA ADMINISTRAÇÃO E ALMOXARIFADO;11
PME- NOVA SEDE DA ADMINISTRAÇÃO E ALMOXARIFADO;11
PME- NOVA SEDE DA ADMINISTRAÇÃO E ALMOXARIFADO;11
PME- NOVA SEDE DA ADMINISTRAÇÃO E ALMOXARIFADO;11
PRDU- ACESSIBILIDADE BLOCOS MODULADOS;11
PRDU- ACESSIBILIDADE BLOCOS MODULADOS;11
PRDU- ACESSIBILIDADE BLOCOS MODULADOS;11
PRDU- ACESSIBILIDADE BLOCOS MODULADOS;11
PRDU- ACESSIBILIDADE BLOCOS MODULADOS;11
PRDU- ACESSIBILIDADE BLOCOS MODULADOS;11
PRDU- ACESSIBILIDADE BLOCOS MODULADOS;11
PRDU- ACESSIBILIDADE BLOCOS MODULADOS;11
PRDU- ACESSIBILIDADE BLOCOS MODULADOS;11
PRDU- ACESSIBILIDADE BLOCOS MODULADOS;11
PRDU- ACESSIBILIDADE BLOCOS MODULADOS;11
PRDU- ACESSIBILIDADE BLOCOS MODULADOS;11
PRDU- ACESSIBILIDADE BLOCOS MODULADOS;11
PRDU- ACESSIBILIDADE BLOCOS MODULADOS;11
PRDU- ACESSIBILIDADE BLOCOS MODULADOS;11
PRDU- ACESSIBILIDADE BLOCOS MODULADOS;11
PRDU- ACESSIBILIDADE BLOCOS MODULADOS;11
PRDU- ACESSIBILIDADE BLOCOS MODULADOS;11
PRDU- ACESSIBILIDADE BLOCOS MODULADOS;11
PRDU- ACESSIBILIDADE BLOCOS MODULADOS;11
PRDU- ACESSIBILIDADE BLOCOS MODULADOS;11
PRDU- ACESSIBILIDADE BLOCOS MODULADOS;11
PRDU- ACESSIBILIDADE BLOCOS MODULADOS;11
PRDU- ACESSIBILIDADE BLOCOS MODULADOS;11
PRDU- ACESSIBILIDADE BLOCOS MODULADOS;11
PRDU- ACESSIBILIDADE BLOCOS MODULADOS;11
PRDU- ACESSIBILIDADE BLOCOS MODULADOS;11
PRDU- ACESSIBILIDADE BLOCOS MODULADOS;11
PRDU- ACESSIBILIDADE BLOCOS MODULADOS;11
PRDU- ACESSIBILIDADE BLOCOS MODULADOS;11
PRDU- ACESSIBILIDADE BLOCOS MODULADOS;11
PRDU- ACESSIBILIDADE BLOCOS MODULADOS;11
PRDU- ACESSIBILIDADE BLOCOS MODULADOS;11
PRDU- ACESSIBILIDADE BLOCOS MODULADOS;11
PRDU- ACESSIBILIDADE BLOCOS MODULADOS;11
PRDU- CONSTRUÇÃO DE NÚCLEO DE ACESSIBILIDADE PARA O PRÉDIO DO CONSU;10
PRDU- CONSTRUÇÃO DE NÚCLEO DE ACESSIBILIDADE PARA O PRÉDIO DO CONSU;10
PRDU- CONSTRUÇÃO DE NÚCLEO DE ACESSIBILIDADE PARA O PRÉDIO DO CONSU;10
PRDU- CONSTRUÇÃO DE NÚCLEO DE ACESSIBILIDADE PARA O PRÉDIO DO CONSU;10
PRDU- CONSTRUÇÃO DE NÚCLEO DE ACESSIBILIDADE PARA O PRÉDIO DO CONSU;11
PRDU- CONSTRUÇÃO DE NÚCLEO DE ACESSIBILIDADE PARA O PRÉDIO DO CONSU;11
PRDU- CONSTRUÇÃO DE NÚCLEO DE ACESSIBILIDADE PARA O PRÉDIO DO CONSU;11
PRDU- CONSTRUÇÃO DE NÚCLEO DE ACESSIBILIDADE PARA O PRÉDIO DO CONSU;11
PRDU- CONSTRUÇÃO DE NÚCLEO DE ACESSIBILIDADE PARA O PRÉDIO DO CONSU;11
PRDU- CONSTRUÇÃO DE NÚCLEO DE ACESSIBILIDADE PARA O PRÉDIO DO CONSU;11
PRDU- CONSTRUÇÃO DE NÚCLEO DE ACESSIBILIDADE PARA O PRÉDIO DO CONSU;11
PRDU- CONSTRUÇÃO DE NÚCLEO DE ACESSIBILIDADE PARA O PRÉDIO DO CONSU;11
PRDU- CONSTRUÇÃO DE NÚCLEO DE ACESSIBILIDADE PARA O PRÉDIO DO CONSU;11
PRDU- CONSTRUÇÃO DE NÚCLEO DE ACESSIBILIDADE PARA O PRÉDIO DO CONSU;11
PRDU- CONSTRUÇÃO DE NÚCLEO DE ACESSIBILIDADE PARA O PRÉDIO DO CONSU;11
PRDU- CONSTRUÇÃO DE NÚCLEO DE ACESSIBILIDADE PARA O PRÉDIO DO CONSU;11
PRDU- CONSTRUÇÃO DE NÚCLEO DE ACESSIBILIDADE PARA O PRÉDIO DO CONSU;11
PRDU- CONSTRUÇÃO DE NÚCLEO DE ACESSIBILIDADE PARA O PRÉDIO DO CONSU;11
PRDU- CONSTRUÇÃO DE NÚCLEO DE ACESSIBILIDADE PARA O PRÉDIO DO CONSU;11
PRDU- CONSTRUÇÃO DE NÚCLEO DE ACESSIBILIDADE PARA O PRÉDIO DO CONSU;11
PRDU- CONSTRUÇÃO DE NÚCLEO DE ACESSIBILIDADE PARA O PRÉDIO DO CONSU;11
PRDU- CONSTRUÇÃO DE NÚCLEO DE ACESSIBILIDADE PARA O PRÉDIO DO CONSU;11
PREAC- CLIMATIZAÇÃO CASA DO LAGO;09
PREAC- CLIMATIZAÇÃO CASA DO LAGO;10
PREAC- CLIMATIZAÇÃO CASA DO LAGO;11
PREAC- PPCI PARA CASA DO LAGO;10
PREAC- PPCI PARA CASA DO LAGO;10
PREAC- PPCI PARA CASA DO LAGO;10
PREAC- PPCI PARA CASA DO LAGO;11
PREAC- PPCI PARA CASA DO LAGO;11
PREAC- REFORMAS NO CIS- GUANABARA;10
PREAC- REFORMAS NO CIS- GUANABARA;10
PREAC- REFORMAS NO CIS- GUANABARA;10
PREAC- REFORMAS NO CIS- GUANABARA;10
PREAC- REFORMAS NO CIS- GUANABARA;11
PREFEITURA- ÁREA OPERACIONAL DM E ALMOXARIFADO;11
PREFEITURA- BICICLETÁRIO NO PRÉDIO DA VIGILÂNCIA;10
PREFEITURA- BICICLETÁRIO NO PRÉDIO DA VIGILÂNCIA;10
PREFEITURA- BICICLETÁRIO NO PRÉDIO DA VIGILÂNCIA;10
PREFEITURA- BICICLETÁRIO NO PRÉDIO DA VIGILÂNCIA;10
PREFEITURA- BICICLETÁRIO NO PRÉDIO DA VIGILÂNCIA;10
PREFEITURA- BICICLETÁRIO NO PRÉDIO DA VIGILÂNCIA;11
PREFEITURA- BICICLETÁRIO NO PRÉDIO DA VIGILÂNCIA;11
PREFEITURA- BICICLETÁRIO NO PRÉDIO DA VIGILÂNCIA;11
PREFEITURA- BICICLETÁRIO NO PRÉDIO DA VIGILÂNCIA;11
PREFEITURA- BICICLETÁRIO NO PRÉDIO DA VIGILÂNCIA;11
PREFEITURA- BICICLETÁRIO NO PRÉDIO DA VIGILÂNCIA;11
PREFEITURA- BICICLETÁRIO NO PRÉDIO DA VIGILÂNCIA;11
PREFEITURA- BICICLETÁRIO NO PRÉDIO DA VIGILÂNCIA;11
PREFEITURA- CANTINA IFCH (SALETERIA);08
PREFEITURA- CANTINA IFCH (SALETERIA);09
PREFEITURA- CANTINA IFCH (SALETERIA);09
PREFEITURA- CANTINA IFCH (SALETERIA);10
PREFEITURA- CENTRAL DE MONITORAMENTO;09
PREFEITURA- CENTRAL DE MONITORAMENTO;09
PREFEITURA- CENTRAL DE MONITORAMENTO;09
PREFEITURA- CENTRAL DE MONITORAMENTO;09
PREFEITURA- CENTRAL DE MONITORAMENTO;09
PREFEITURA- CENTRAL DE MONITORAMENTO;09
PREFEITURA- CENTRAL DE MONITORAMENTO;09
PREFEITURA- CENTRAL DE MONITORAMENTO;09
PREFEITURA- CENTRAL DE MONITORAMENTO;09
PREFEITURA- CENTRAL DE MONITORAMENTO;09
PREFEITURA- CENTRAL DE MONITORAMENTO;09
PREFEITURA- CENTRAL DE MONITORAMENTO;09
PREFEITURA- CENTRAL DE MONITORAMENTO;09
PREFEITURA- CENTRAL DE MONITORAMENTO;09
PREFEITURA- CENTRAL DE MONITORAMENTO;09
PREFEITURA- CENTRAL DE MONITORAMENTO;09
PREFEITURA- CENTRAL DE MONITORAMENTO;10
PREFEITURA- ESTACIONAMENTO CRECHE;10
PREFEITURA- ESTACIONAMENTO CRECHE;10
PREFEITURA- ESTACIONAMENTO CRECHE;10
PREFEITURA- ESTACIONAMENTO CRECHE;10
PREFEITURA- ESTACIONAMENTO CRECHE;10
PREFEITURA- ESTACIONAMENTO CRECHE;10
PREFEITURA- INFRAESTRUTURA ÁREA MÉDICA;08
PREFEITURA- INFRAESTRUTURA ÁREA MÉDICA;09
PREFEITURA- INFRAESTRUTURA ÁREA MÉDICA;09
PREFEITURA- INFRAESTRUTURA ÁREA MÉDICA;09
PREFEITURA- INFRAESTRUTURA ÁREA MÉDICA;09
PREFEITURA- INFRAESTRUTURA ÁREA MÉDICA;09
PREFEITURA- INFRAESTRUTURA ÁREA MÉDICA;09
PREFEITURA- INFRAESTRUTURA ÁREA MÉDICA;09
PREFEITURA- INFRAESTRUTURA ÁREA MÉDICA;09
PREFEITURA- INFRAESTRUTURA ÁREA MÉDICA;09
PREFEITURA- INFRAESTRUTURA ÁREA MÉDICA;09
PREFEITURA- INFRAESTRUTURA ÁREA MÉDICA;09
PREFEITURA- INFRAESTRUTURA ÁREA MÉDICA;10
PREFEITURA- INFRAESTRUTURA ÁREA MÉDICA;10
PREFEITURA- INFRAESTRUTURA ÁREA MÉDICA;10
PREFEITURA- INFRAESTRUTURA ÁREA MÉDICA;10
PREFEITURA- INFRAESTRUTURA ÁREA MÉDICA;10
PREFEITURA- INFRAESTRUTURA ÁREA MÉDICA;10
PREFEITURA- INFRAESTRUTURA ÁREA MÉDICA;10
PREFEITURA- INFRAESTRUTURA ÁREA MÉDICA;10
PREFEITURA- INFRAESTRUTURA ÁREA MÉDICA;10
PREFEITURA- INFRAESTRUTURA ÁREA MÉDICA;10
PREFEITURA- INFRAESTRUTURA ÁREA MÉDICA;10
PREFEITURA- INFRAESTRUTURA ÁREA MÉDICA;10
PREFEITURA- INFRAESTRUTURA ÁREA MÉDICA;10
PREFEITURA- INFRAESTRUTURA ÁREA MÉDICA;10
PREFEITURA- INFRAESTRUTURA ÁREA MÉDICA;10
PREFEITURA- INFRAESTRUTURA ÁREA MÉDICA;11
PREFEITURA- INFRAESTRUTURA ÁREA MÉDICA;11
PREFEITURA- INFRAESTRUTURA ÁREA MÉDICA;11
PREFEITURA- INFRAESTRUTURA ÁREA MÉDICA;11
PREFEITURA- INFRAESTRUTURA ÁREA MÉDICA;11
PREFEITURA- INFRAESTRUTURA ÁREA MÉDICA;11
PREFEITURA- INFRAESTRUTURA ÁREA MÉDICA;11
PREFEITURA- INFRAESTRUTURA ÁREA MÉDICA;11
PREFEITURA- INFRAESTRUTURA ÁREA MÉDICA;11
PREFEITURA- INFRAESTRUTURA ÁREA MÉDICA;11
PREFEITURA- INFRAESTRUTURA ÁREA MÉDICA;11
PREFEITURA- INFRAESTRUTURA ÁREA MÉDICA;11
PREFEITURA- INFRAESTRUTURA ÁREA MÉDICA;11
PREFEITURA- INFRAESTRUTURA CAMPUS CAMPINAS;09
PREFEITURA- INFRAESTRUTURA CAMPUS CAMPINAS;09
PREFEITURA- INFRAESTRUTURA CAMPUS CAMPINAS;09
PREFEITURA- INFRAESTRUTURA CAMPUS CAMPINAS;09
PREFEITURA- INFRAESTRUTURA CAMPUS CAMPINAS;10
PREFEITURA- INFRAESTRUTURA CAMPUS CAMPINAS;11
PREFEITURA- INFRAESTRUTURA CAMPUS CAMPINAS;11
PREFEITURA- INFRAESTRUTURA DUAS ÁREAS DE VIVÊNCIA NO CAMPUS;09
PREFEITURA- INFRAESTRUTURA DUAS ÁREAS DE VIVÊNCIA NO CAMPUS;09
PREFEITURA- INFRAESTRUTURA DUAS ÁREAS DE VIVÊNCIA NO CAMPUS;09
PREFEITURA- INFRAESTRUTURA DUAS ÁREAS DE VIVÊNCIA NO CAMPUS;09
PREFEITURA- INFRAESTRUTURA DUAS ÁREAS DE VIVÊNCIA NO CAMPUS;09
PREFEITURA- INFRAESTRUTURA DUAS ÁREAS DE VIVÊNCIA NO CAMPUS;09
PREFEITURA- INFRAESTRUTURA DUAS ÁREAS DE VIVÊNCIA NO CAMPUS;09
PREFEITURA- INFRAESTRUTURA DUAS ÁREAS DE VIVÊNCIA NO CAMPUS;09
PREFEITURA- INFRAESTRUTURA DUAS ÁREAS DE VIVÊNCIA NO CAMPUS;09
PREFEITURA- INFRAESTRUTURA DUAS ÁREAS DE VIVÊNCIA NO CAMPUS;09
PREFEITURA- INFRAESTRUTURA DUAS ÁREAS DE VIVÊNCIA NO CAMPUS;09
PREFEITURA- INFRAESTRUTURA DUAS ÁREAS DE VIVÊNCIA NO CAMPUS;09
PREFEITURA- INFRAESTRUTURA DUAS ÁREAS DE VIVÊNCIA NO CAMPUS;10
PREFEITURA- INFRAESTRUTURA DUAS ÁREAS DE VIVÊNCIA NO CAMPUS;10
PREFEITURA- INFRAESTRUTURA DUAS ÁREAS DE VIVÊNCIA NO CAMPUS;10
PREFEITURA- INFRAESTRUTURA DUAS ÁREAS DE VIVÊNCIA NO CAMPUS;10
PREFEITURA- INFRAESTRUTURA DUAS ÁREAS DE VIVÊNCIA NO CAMPUS;10
PREFEITURA- INFRAESTRUTURA DUAS ÁREAS DE VIVÊNCIA NO CAMPUS;10
PREFEITURA- INFRAESTRUTURA DUAS ÁREAS DE VIVÊNCIA NO CAMPUS;10
PREFEITURA- INFRAESTRUTURA DUAS ÁREAS DE VIVÊNCIA NO CAMPUS;10
PREFEITURA- INFRAESTRUTURA DUAS ÁREAS DE VIVÊNCIA NO CAMPUS;10
PREFEITURA- INFRAESTRUTURA DUAS ÁREAS DE VIVÊNCIA NO CAMPUS;10
PREFEITURA- INFRAESTRUTURA DUAS ÁREAS DE VIVÊNCIA NO CAMPUS;10
PREFEITURA- INFRAESTRUTURA DUAS ÁREAS DE VIVÊNCIA NO CAMPUS;10
PREFEITURA- INFRAESTRUTURA DUAS ÁREAS DE VIVÊNCIA NO CAMPUS;10
PREFEITURA- INFRAESTRUTURA DUAS ÁREAS DE VIVÊNCIA NO CAMPUS;10
PREFEITURA- INFRAESTRUTURA DUAS ÁREAS DE VIVÊNCIA NO CAMPUS;10
PREFEITURA- INFRAESTRUTURA DUAS ÁREAS DE VIVÊNCIA NO CAMPUS;10
PREFEITURA- INFRAESTRUTURA DUAS ÁREAS DE VIVÊNCIA NO CAMPUS;10
PREFEITURA- INFRAESTRUTURA DUAS ÁREAS DE VIVÊNCIA NO CAMPUS;10
PREFEITURA- INFRAESTRUTURA DUAS ÁREAS DE VIVÊNCIA NO CAMPUS;10
PREFEITURA- INFRAESTRUTURA DUAS ÁREAS DE VIVÊNCIA NO CAMPUS;10
PREFEITURA- INFRAESTRUTURA DUAS ÁREAS DE VIVÊNCIA NO CAMPUS;10
PREFEITURA- INFRAESTRUTURA DUAS ÁREAS DE VIVÊNCIA NO CAMPUS;10
PREFEITURA- INFRAESTRUTURA DUAS ÁREAS DE VIVÊNCIA NO CAMPUS;10
PREFEITURA- INFRAESTRUTURA DUAS ÁREAS DE VIVÊNCIA NO CAMPUS;10
PREFEITURA- INFRAESTRUTURA DUAS ÁREAS DE VIVÊNCIA NO CAMPUS;10
PREFEITURA- INFRAESTRUTURA DUAS ÁREAS DE VIVÊNCIA NO CAMPUS;10
PREFEITURA- INFRAESTRUTURA DUAS ÁREAS DE VIVÊNCIA NO CAMPUS;10
PREFEITURA- INFRAESTRUTURA DUAS ÁREAS DE VIVÊNCIA NO CAMPUS;10
PREFEITURA- INFRAESTRUTURA DUAS ÁREAS DE VIVÊNCIA NO CAMPUS;10
PREFEITURA- INFRAESTRUTURA DUAS ÁREAS DE VIVÊNCIA NO CAMPUS;10
PREFEITURA- INFRAESTRUTURA DUAS ÁREAS DE VIVÊNCIA NO CAMPUS;10
PREFEITURA- INFRAESTRUTURA DUAS ÁREAS DE VIVÊNCIA NO CAMPUS;10
PREFEITURA- INFRAESTRUTURA DUAS ÁREAS DE VIVÊNCIA NO CAMPUS;10
PREFEITURA- INFRAESTRUTURA DUAS ÁREAS DE VIVÊNCIA NO CAMPUS;11
PREFEITURA- INFRAESTRUTURA DUAS ÁREAS DE VIVÊNCIA NO CAMPUS;11
PREFEITURA- INFRAESTRUTURA DUAS ÁREAS DE VIVÊNCIA NO CAMPUS;11
PREFEITURA- INFRAESTRUTURA DUAS ÁREAS DE VIVÊNCIA NO CAMPUS;11
PREFEITURA- INFRAESTRUTURA DUAS ÁREAS DE VIVÊNCIA NO CAMPUS;11
PREFEITURA- INFRAESTRUTURA DUAS ÁREAS DE VIVÊNCIA NO CAMPUS;11
PREFEITURA- INFRAESTRUTURA DUAS ÁREAS DE VIVÊNCIA NO CAMPUS;11
PREFEITURA- INFRAESTRUTURA DUAS ÁREAS DE VIVÊNCIA NO CAMPUS;11
PREFEITURA- INFRAESTRUTURA DUAS ÁREAS DE VIVÊNCIA NO CAMPUS;11
PREFEITURA- INFRAESTRUTURA DUAS ÁREAS DE VIVÊNCIA NO CAMPUS;11
PREFEITURA- INFRAESTRUTURA DUAS ÁREAS DE VIVÊNCIA NO CAMPUS;11
PREFEITURA- INFRAESTRUTURA DUAS ÁREAS DE VIVÊNCIA NO CAMPUS;11
PREFEITURA- INFRAESTRUTURA DUAS ÁREAS DE VIVÊNCIA NO CAMPUS;11
PREFEITURA- INFRAESTRUTURA DUAS ÁREAS DE VIVÊNCIA NO CAMPUS;11
PREFEITURA- LIMEIRA- ALTERAÇÃO PROJ RESTAURANTE CAMPUS 2;09
PREFEITURA- NOVA SEDE;09
PREFEITURA- NOVA SEDE;10
PREFEITURA- NOVA SEDE;10
PREFEITURA- NOVA SEDE;10
PREFEITURA- NOVA SEDE;10
PREFEITURA- NOVA SEDE;10
PREFEITURA- NOVA SEDE;10
PREFEITURA- NOVA SEDE;10
PREFEITURA- NOVA SEDE;10
PREFEITURA- NOVA SEDE;10
PREFEITURA- NOVA SEDE;11
PREFEITURA- NOVA SEDE;11
PREFEITURA- NOVA SEDE;11
PREFEITURA- NOVA SEDE;11
PREFEITURA- NOVA SEDE;11
PREFEITURA- NOVA SEDE;11
PREFEITURA- NOVA SEDE;11
PREFEITURA- NOVA SEDE;11
PREFEITURA- NOVA SEDE;11
PREFEITURA- NOVO ALMOXARIFADO PREFEITURA;08
PREFEITURA- NOVO ALMOXARIFADO PREFEITURA;08
PREFEITURA- NOVO ALMOXARIFADO PREFEITURA;08
PREFEITURA- NOVO ALMOXARIFADO PREFEITURA;08
PREFEITURA- NOVO ALMOXARIFADO PREFEITURA;08
PREFEITURA- NOVO ALMOXARIFADO PREFEITURA;08
PREFEITURA- NOVO ALMOXARIFADO PREFEITURA;08
PREFEITURA- NOVO ALMOXARIFADO PREFEITURA;09
PREFEITURA- NOVO CANTEIRO DE OBRAS;08
PREFEITURA- NOVO CANTEIRO DE OBRAS;09
PREFEITURA- NOVO CANTEIRO DE OBRAS;09
PREFEITURA- NOVO CANTEIRO DE OBRAS;09
PREFEITURA- NOVO CANTEIRO DE OBRAS;09
PREFEITURA- PPCI PARA PRÉDIO DA VIGILÂNCIA;09
PREFEITURA- PPCI PARA PRÉDIO DA VIGILÂNCIA;09
PREFEITURA- PPCI PARA PRÉDIO DA VIGILÂNCIA;09
PREFEITURA- PPCI PARA PRÉDIO DA VIGILÂNCIA;09
PREFEITURA- PPCI PARA PRÉDIO DA VIGILÂNCIA;09
PREFEITURA- PPCI PARA PRÉDIO DA VIGILÂNCIA;09
PREFEITURA- PPCI PARA PRÉDIO DA VIGILÂNCIA;09
PREFEITURA- PPCI PARA PRÉDIO DA VIGILÂNCIA;09
PREFEITURA- PPCI PARA PRÉDIO DA VIGILÂNCIA;10
PREFEITURA- PPCI PARA PRÉDIO DA VIGILÂNCIA;10
PREFEITURA- PPCI PARA PRÉDIO DA VIGILÂNCIA;10
PREFEITURA- PPCI PARA PRÉDIO DA VIGILÂNCIA;10
PREFEITURA- PPCI PARA PRÉDIO DA VIGILÂNCIA;10
PREFEITURA- PPCI PARA PRÉDIO DA VIGILÂNCIA;10
PREFEITURA- PPCI PARA PRÉDIO DA VIGILÂNCIA;10
PREFEITURA- PPCI PARA PRÉDIO DA VIGILÂNCIA;10
PREFEITURA- PPCI PARA PRÉDIO DA VIGILÂNCIA;10
PREFEITURA- PPCI PARA PRÉDIO DA VIGILÂNCIA;10
PREFEITURA- PPCI PARA PRÉDIO DA VIGILÂNCIA;10
PREFEITURA- PPCI PARA PRÉDIO DA VIGILÂNCIA;11
PREFEITURA- PPCI PARA PRÉDIO DA VIGILÂNCIA;11
PREFEITURA- PPCI PARA PRÉDIO DA VIGILÂNCIA;11
PREFEITURA- PPCI PARA PRÉDIO DA VIGILÂNCIA;11
PREFEITURA- PPCI PARA PRÉDIO DA VIGILÂNCIA;11
PREFEITURA- PPCI PARA PRÉDIO DA VIGILÂNCIA;11
PREFEITURA- PPCI PARA PRÉDIO DA VIGILÂNCIA;11
PREFEITURA- PPCI PARA PRÉDIO DA VIGILÂNCIA;11
PREFEITURA- PPCI PARA PRÉDIO DA VIGILÂNCIA;11
PREFEITURA- PPCI PARA PRÉDIO DA VIGILÂNCIA;11
PREFEITURA- PPCI PARA PRÉDIO DA VIGILÂNCIA;11
PREFEITURA- PPCI PARA PRÉDIO DA VIGILÂNCIA;11
PREFEITURA- PPCI PARA PRÉDIO DA VIGILÂNCIA;11
PREFEITURA- PPCI PARA PRÉDIO DA VIGILÂNCIA;11
PREFEITURA- PPCI PARA PRÉDIO DA VIGILÂNCIA;11
PREFEITURA- REFORMA ALMOXARIFADO DO RU;10
PREFEITURA- REFORMA ALMOXARIFADO DO RU;10
PREFEITURA- REFORMA ALMOXARIFADO DO RU;10
PREFEITURA- REFORMA ALMOXARIFADO DO RU;11
PREFEITURA- REFORMA ALMOXARIFADO DO RU;11
PREFEITURA- REFORMA E AMPLIAÇÃO CANTINA/LANCHONETE DA CPF LIMEIRA;09
PREFEITURA- REFORMA RESTAURANTE DO IE;08
PREFEITURA- REFORMA RESTAURANTE DO IE;08
PREFEITURA- REFORMA RESTAURANTE DO IE;08
PREFEITURA- REFORMA RESTAURANTE DO IE;09
PREFEITURA- REFORMA RESTAURANTE DO IE;09
PREFEITURA- REFORMA RESTAURANTE DO IE;09
PREFEITURA- REFORMA RESTAURANTE DO IE;09
PREFEITURA- REFORMA RESTAURANTE DO IE;09
PREFEITURA- REFORMA RESTAURANTE DO IE;09
PREFEITURA- REFORMA RESTAURANTE DO IE;09
PREFEITURA- REFORMA RESTAURANTE DO IE;09
PREFEITURA- REFORMA RESTAURANTE DO IE;09
PREFEITURA- REFORMA RESTAURANTE DO IE;09
PREFEITURA- REFORMA RESTAURANTE DO IE;09
PREFEITURA- REFORMA RESTAURANTE DO IE;09
PREFEITURA- REFORMA RESTAURANTE DO IE;09
PREFEITURA- REFORMA RESTAURANTE DO IE;09
PREFEITURA- REFORMA RESTAURANTE DO IE;09
PREFEITURA- REFORMA RESTAURANTE DO IE;09
PREFEITURA- REFORMA RESTAURANTE DO IE;09
PREFEITURA- REFORMA RESTAURANTE DO IE;09
PREFEITURA- REFORMA RESTAURANTE DO IE;09
PREFEITURA- REFORMA RESTAURANTE DO IE;09
PREFEITURA- REFORMA RESTAURANTE DO IE;09
PREFEITURA- REFORMA RESTAURANTE DO IE;10
PREFEITURA- REFORMA RESTAURANTE DO IE;10
PREFEITURA- REFORMA RESTAURANTE DO IE;11
PREFEITURA- REFORMA RESTAURANTE/LANCHONETE DA FOP;09
PREFEITURA- REFORMA RESTAURANTE/LANCHONETE DA FOP;09
PREFEITURA- REFORMA RESTAURANTE/LANCHONETE DA FOP;09
PREFEITURA- REFORMA RU;11
PREFEITURA- REFORMA RU;11
PREFEITURA- REFORMA RU;11
PREFEITURA- REFORMA RU;11
PREFEITURA- REFORMA RU;11
PREFEITURA- REFORMA RU;11
PREFEITURA- REMODELAÇÃO GUARITAS ACESSO UNICAMP;09
PREFEITURA- REMODELAÇÃO GUARITAS ACESSO UNICAMP;09
PREFEITURA- REMODELAÇÃO GUARITAS ACESSO UNICAMP;10
PREFEITURA- RESTAURANTE IMECC;08
PREFEITURA- RESTAURANTE IMECC;08
PREFEITURA- RESTAURANTE IMECC;08
PREFEITURA- RESTAURANTE IMECC;08
PREFEITURA- RESTAURANTE IMECC;08
PREFEITURA- RESTAURANTE IMECC;09
PREFEITURA- RESTAURANTE IMECC;09
PREFEITURA- RESTAURANTE IMECC;09
PREFEITURA- RESTAURANTE IMECC;09
PREFEITURA- RESTAURANTE IMECC;09
PREFEITURA- RESTAURANTE IMECC;09
PREFEITURA- RESTAURANTE IMECC;09
PREFEITURA- RESTAURANTE IMECC;09
PREFEITURA- RESTAURANTE IMECC;09
PREFEITURA- RESTAURANTE IMECC;09
PREFEITURA- RESTAURANTE IMECC;09
PREFEITURA- RESTAURANTE IMECC;09
PREFEITURA- RESTAURANTE IMECC;09
PREFEITURA- RESTAURANTE IMECC;09
PREFEITURA- RESTAURANTE IMECC;09
PREFEITURA- RESTAURANTE IMECC;09
PREFEITURA- RESTAURANTE IMECC;09
PREFEITURA- RESTAURANTE IMECC;09
PREFEITURA- RESTAURANTE IMECC;09
PREFEITURA- RESTAURANTE IMECC;09
PREFEITURA- RESTAURANTE IMECC;09
PREFEITURA- RESTAURANTE IMECC;09
PREFEITURA- RESTAURANTE IMECC;09
PREFEITURA- RESTAURANTE IMECC;09
PREFEITURA- RESTAURANTE IMECC;09
PREFEITURA- RESTAURANTE IMECC;09
PREFEITURA- RESTAURANTE IMECC;09
PREFEITURA- RESTAURANTE IMECC;09
PREFEITURA- RESTAURANTE IMECC;09
PREFEITURA- RESTAURANTE IMECC;09
PREFEITURA- RESTAURANTE IMECC;10
PREFEITURA- RESTAURANTE IMECC;10
PREFEITURA- RESTAURANTE IMECC;10
PREFEITURA- RESTAURANTE SATURNINO;08
PREFEITURA- RESTAURANTE SATURNINO;08
PREFEITURA- RESTAURANTE SATURNINO;08
PREFEITURA- RESTAURANTE SATURNINO;08
PREFEITURA- RESTAURANTE SATURNINO;08
PREFEITURA- RESTAURANTE SATURNINO;08
PREFEITURA- RESTAURANTE SATURNINO;08
PREFEITURA- RESTAURANTE SATURNINO;08
PREFEITURA- RESTAURANTE SATURNINO;08
PREFEITURA- RESTAURANTE SATURNINO;08
PREFEITURA- RESTAURANTE SATURNINO;08
PREFEITURA- RESTAURANTE SATURNINO;08
PREFEITURA- RESTAURANTE SATURNINO;08
PREFEITURA- RESTAURANTE SATURNINO;08
PREFEITURA- RESTAURANTE SATURNINO;08
PREFEITURA- RESTAURANTE SATURNINO;08
PREFEITURA- RESTAURANTE SATURNINO;08
PREFEITURA- RESTAURANTE SATURNINO;08
PREFEITURA- RESTAURANTE SATURNINO;08
PREFEITURA- RESTAURANTE SATURNINO;08
PREFEITURA- RESTAURANTE SATURNINO;09
PREFEITURA- RESTAURANTE SATURNINO;09
PREFEITURA- RESTAURANTE SATURNINO;09
PREFEITURA- RESTAURANTE SATURNINO;09
PREFEITURA- RESTAURANTE SATURNINO;09
PREFEITURA- RESTAURANTE SATURNINO;09
PREFEITURA- RESTAURANTE SATURNINO;09
PREFEITURA- RESTAURANTE SATURNINO;09
PREFEITURA- RESTAURANTE SATURNINO;09
PREFEITURA- RESTAURANTE SATURNINO;09
PREFEITURA- RESTAURANTE SATURNINO;09
PREFEITURA- RESTAURANTE SATURNINO;09
PREFEITURA- RESTAURANTE SATURNINO;09
PREFEITURA- RESTAURANTE SATURNINO;09
PREFEITURA- RESTAURANTE SATURNINO;10
PREFEITURA- RESTAURANTE SATURNINO;10
PREFEITURA- RESTAURANTE SATURNINO;10
PREFEITURA- RESTAURANTE SATURNINO;10
PREFEITURA- RESTAURANTE SATURNINO;10
PREFEITURA- RESTAURANTE SATURNINO;10
PREFEITURA- RESTAURANTE SATURNINO;10
PREFEITURA- RESTAURANTE SATURNINO;11
PREFEITURA- RESTAURANTE SATURNINO;11
PREFEITURA- RESTAURANTE SATURNINO;11
PREFEITURA- RESTAURANTE SATURNINO;11
PREFEITURA- RESTAURANTE SATURNINO;11
PREFEITURA- RESTAURANTE SATURNINO;11
PREFEITURA- RESTAURANTE SATURNINO;11
PREFEITURA- RESTAURANTE SATURNINO;11
PREFEITURA- RESTAURANTE SATURNINO;11
PREFEITURA- RESTAURANTE SATURNINO;11
PREFEITURA- RESTAURANTE SATURNINO;11
PREFEITURA- RESTAURANTE SATURNINO;11
PRG- BÁSICO III;11
PRG- EA2- REFORMA PAV SUPERIOR BÁSICO I;09
PRG- EA2- REFORMA PAV SUPERIOR BÁSICO I;09
PRG- EA2- REFORMA PAV SUPERIOR BÁSICO I;09
PRG- EA2- REFORMA PAV SUPERIOR BÁSICO I;09
PRG- EA2- REFORMA PAV SUPERIOR BÁSICO I;09
PRG- EA2- REFORMA PAV SUPERIOR BÁSICO I;09
PRG- EA2- REFORMA PAV SUPERIOR BÁSICO I;09
PRG- EA2- REFORMA PAV SUPERIOR BÁSICO I;09
PRG- EA2- REFORMA PAV SUPERIOR BÁSICO I;09
PRG- EA2- REFORMA PAV SUPERIOR BÁSICO I;09
PRG- EA2- REFORMA PAV SUPERIOR BÁSICO I;09
PRG- EA2- REFORMA PAV SUPERIOR BÁSICO I;10
PRG- EA2- REFORMA PAV SUPERIOR BÁSICO I;10
PRG- EA2- REFORMA PAV SUPERIOR BÁSICO I;10
PRG- EA2- REFORMA PAV SUPERIOR BÁSICO I;10
PRG- EA2- REFORMA PAV SUPERIOR BÁSICO I;10
PRG- EA2- REFORMA PAV SUPERIOR BÁSICO I;10
PRG- EA2- REFORMA PAV SUPERIOR BÁSICO I;10
PRG- EA2- REFORMA PAV SUPERIOR BÁSICO I;10
PRG- EA2- REFORMA PAV SUPERIOR BÁSICO I;10
PRG- EA2- REFORMA PAV SUPERIOR BÁSICO I;10
PRG- EA2- REFORMA PAV SUPERIOR BÁSICO I;10
PRG- EA2- REFORMA PAV SUPERIOR BÁSICO I;10
PRG- EA2- REFORMA PAV SUPERIOR BÁSICO I;10
PRG- EA2- REFORMA PAV SUPERIOR BÁSICO I;10
PRG- EA2- REFORMA PAV SUPERIOR BÁSICO I;10
PRG- EA2- REFORMA PAV SUPERIOR BÁSICO I;10
PRG- EA2- REFORMA PAV SUPERIOR BÁSICO I;10
PRG- EA2- REFORMA PAV SUPERIOR BÁSICO I;10
PRG- EA2- REFORMA PAV SUPERIOR BÁSICO I;10
PRG- EA2- REFORMA PAV SUPERIOR BÁSICO I;10
PRG- EA2- REFORMA PAV SUPERIOR BÁSICO I;10
PRG- EA2- REFORMA PAV SUPERIOR BÁSICO I;10
PRG- EA2- REFORMA PAV SUPERIOR BÁSICO I;10
PRG- EA2- REFORMA PAV SUPERIOR BÁSICO I;11
PRG- EA2- REFORMA PAV SUPERIOR BÁSICO I;11
PRG- EA2- REFORMA PAV SUPERIOR BÁSICO I;11
PRG- EA2- REFORMA PAV SUPERIOR BÁSICO I;11
PRG- EA2- REFORMA PAV SUPERIOR BÁSICO I;11
PRG- EA2- REFORMA PAV SUPERIOR BÁSICO I;11
PRG- ILUMINAÇÃO DO SAGUÃO DO BÁSICO II;10
PRG- ILUMINAÇÃO DO SAGUÃO DO BÁSICO II;11
PRG- ILUMINAÇÃO DO SAGUÃO DO BÁSICO II;11
PRG- ILUMINAÇÃO DO SAGUÃO DO BÁSICO II;11
PRG- ILUMINAÇÃO DO SAGUÃO DO BÁSICO II;11
PRG- INSTALAÇÃO ELEVADOR BÁSICO 2;09
PRG- INSTALAÇÃO ELEVADOR BÁSICO 2;09
PRG- INSTALAÇÃO ELEVADOR BÁSICO 2;09
PRG- INSTALAÇÃO ELEVADOR BÁSICO 2;09
PRG- INSTALAÇÃO ELEVADOR BÁSICO 2;09
PRG- INSTALAÇÃO ELEVADOR BÁSICO 2;09
PRG- INSTALAÇÃO ELEVADOR BÁSICO 2;09
PRG- INSTALAÇÃO ELEVADOR BÁSICO 2;09
PRG- INSTALAÇÃO ELEVADOR BÁSICO 2;09
PRG- INSTALAÇÃO ELEVADOR BÁSICO 2;09
PRG- INSTALAÇÃO ELEVADOR BÁSICO 2;10
PRG- INSTALAÇÃO ELEVADOR BÁSICO 2;10
PRG- INSTALAÇÃO ELEVADOR BÁSICO 2;10
PRG- INSTALAÇÃO ELEVADOR BÁSICO 2;10
PRG- INSTALAÇÃO ELEVADOR BÁSICO 2;10
PRG- INSTALAÇÃO ELEVADOR BÁSICO 2;10
PRG- INSTALAÇÃO ELEVADOR BÁSICO 2;10
PRG- INSTALAÇÃO ELEVADOR BÁSICO 2;10
PRG- INSTALAÇÃO ELEVADOR BÁSICO 2;10
PRG- INSTALAÇÃO ELEVADOR BÁSICO 2;10
PRG- INSTALAÇÃO ELEVADOR BÁSICO 2;10
PRG- INSTALAÇÃO ELEVADOR BÁSICO 2;10
PRG- INSTALAÇÃO ELEVADOR BÁSICO 2;10
PRG- INSTALAÇÃO ELEVADOR BÁSICO 2;10
PRG- INSTALAÇÃO ELEVADOR BÁSICO 2;10
PRG- INSTALAÇÃO ELEVADOR BÁSICO 2;10
PRG- INSTALAÇÃO ELEVADOR BÁSICO 2;10
PRG- INSTALAÇÃO ELEVADOR BÁSICO 2;10
PRG- INSTALAÇÃO ELEVADOR BÁSICO 2;10
PRG- INSTALAÇÃO ELEVADOR BÁSICO 2;11
PRG- INSTALAÇÃO ELEVADOR BÁSICO 2;11
PRG- INSTALAÇÃO ELEVADOR BÁSICO 2;11
PRG- INSTALAÇÃO ELEVADOR BÁSICO 2;11
PRG- INSTALAÇÃO ELEVADOR BÁSICO 2;11
PRG- INSTALAÇÃO ELEVADOR BÁSICO 2;11
PRG- INSTALAÇÃO ELEVADOR BÁSICO 2;11
PRG- INSTALAÇÃO ELEVADOR BÁSICO 2;11
PRG- INSTALAÇÃO ELEVADOR BÁSICO 2;11
PRG- INSTALAÇÃO ELEVADOR BÁSICO 2;11
PRG- INSTALAÇÃO ELEVADOR BÁSICO 2;11
PRG- INSTALAÇÃO ELEVADOR BÁSICO 2;11
PRG- INSTALAÇÃO ELEVADOR BÁSICO 2;11
PRG- INSTALAÇÃO ELEVADOR BÁSICO 2;11
PRG- INSTALAÇÃO ELEVADOR BÁSICO 2;11
PRG- REFORMA 3 SALAS DE AULA BÁSICO II;09
PRG- REFORMA 3 SALAS DE AULA BÁSICO II;10
PRG- REFORMA 3 SALAS DE AULA BÁSICO II;10
PRG- REFORMA 3 SALAS DE AULA BÁSICO II;10
PRG- REFORMA 3 SALAS DE AULA BÁSICO II;10
PRG- REFORMA 3 SALAS DE AULA BÁSICO II;10
PRG- REFORMA 6 SALAS DE AULA BÁSICO II;10
PRG- REFORMA 6 SALAS DE AULA BÁSICO II;10
PRG- REFORMA 6 SALAS DE AULA BÁSICO II;10
PRG- REFORMA 6 SALAS DE AULA BÁSICO II;10
PRG- REFORMA 6 SALAS DE AULA BÁSICO II;10
PRG- REFORMA 6 SALAS DE AULA BÁSICO II;11
PRG- REFORMA 6 SALAS DE AULA BÁSICO II;11
PRG- REFORMA 6 SALAS DE AULA BÁSICO II;11
PRG- REFORMA 6 SALAS DE AULA BÁSICO II;11
PRG- REFORMA 6 SALAS DE AULA BÁSICO II;11
PRG- REFORMA 6 SALAS DE AULA BÁSICO II;11
PRG- REFORMA 6 SALAS DE AULA BÁSICO II;11
PRG- REFORMA 6 SALAS DE AULA BÁSICO II;11
PRG- REFORMA 6 SALAS DE AULA BÁSICO II;11
PRG- REFORMA 9 SALAS DE AULA BÁSICO II;11
PRG- REFORMA 9 SALAS DE AULA BÁSICO II;11
PRG- REFORMA 9 SALAS DE AULA BÁSICO II;11
PRG- REFORMA E AMPLIAÇÃO DOS QUIOSQUES DO BÁSICO I;09
PRG- REFORMA E AMPLIAÇÃO DOS QUIOSQUES DO BÁSICO I;09
PRG- REFORMA E AMPLIAÇÃO DOS QUIOSQUES DO BÁSICO I;09
PRG- REFORMA E AMPLIAÇÃO DOS QUIOSQUES DO BÁSICO I;10
PRG- REFORMA E AMPLIAÇÃO DOS QUIOSQUES DO BÁSICO I;10
PRG- REFORMA E AMPLIAÇÃO DOS QUIOSQUES DO BÁSICO I;10
PRG- REFORMA E AMPLIAÇÃO DOS QUIOSQUES DO BÁSICO I;10
PRG- REFORMA E AMPLIAÇÃO DOS QUIOSQUES DO BÁSICO I;11
PRG- REFORMA E AMPLIAÇÃO DOS QUIOSQUES DO BÁSICO I;11
PRG- REFORMA E AMPLIAÇÃO DOS QUIOSQUES DO BÁSICO I;11
PRG- REFORMA E AMPLIAÇÃO DOS QUIOSQUES DO BÁSICO I;11
PRG- REFORMA E AMPLIAÇÃO DOS QUIOSQUES DO BÁSICO I;11
PRG- REFORMA E AMPLIAÇÃO DOS QUIOSQUES DO BÁSICO I;11
PRG- REFORMA E AMPLIAÇÃO DOS QUIOSQUES DO BÁSICO I;11
PRG- REFORMA E AMPLIAÇÃO DOS QUIOSQUES DO BÁSICO I;11
PRG- REFORMA E AMPLIAÇÃO DOS QUIOSQUES DO BÁSICO I;11
PRG- REFORMA E AMPLIAÇÃO DOS QUIOSQUES DO BÁSICO I;11
PRG- REFORMA INTERNA;09
PRG- REFORMA INTERNA;09
PRG- REFORMA SAE- ANTIGO PRÉDIO DA DAC;08
PRG- REFORMA SAE- ANTIGO PRÉDIO DA DAC;08
PRG- REFORMA SAE- ANTIGO PRÉDIO DA DAC;09
PRG- REFORMA SAE- ANTIGO PRÉDIO DA DAC;09
PRG- REFORMA SAE- ANTIGO PRÉDIO DA DAC;09
PRG- REFORMA SAE- ANTIGO PRÉDIO DA DAC;09
PRG- REFORMA SAE- ANTIGO PRÉDIO DA DAC;09
PRG- REFORMA SAE- ANTIGO PRÉDIO DA DAC;09
PRG- REFORMA SAE- ANTIGO PRÉDIO DA DAC;09
PRG- REFORMA SAE- ANTIGO PRÉDIO DA DAC;09
PRG- REFORMA SAE- ANTIGO PRÉDIO DA DAC;09
PRG- REFORMA SAE- ANTIGO PRÉDIO DA DAC;09
PRG- REFORMA SAE- ANTIGO PRÉDIO DA DAC;09
PRG- REFORMA SAE- ANTIGO PRÉDIO DA DAC;09
PRG- REFORMA SAE- ANTIGO PRÉDIO DA DAC;09
PRG- REFORMA SAE- ANTIGO PRÉDIO DA DAC;09
PRG- REFORMA SAE- ANTIGO PRÉDIO DA DAC;10
PRG- REFORMA SAE- ANTIGO PRÉDIO DA DAC;10
PRG- REFORMA SAE- ANTIGO PRÉDIO DA DAC;10
PRG- REFORMA SAE- ANTIGO PRÉDIO DA DAC;10
PRG- REFORMA SAE- ANTIGO PRÉDIO DA DAC;10
PRG- REFORMA SAE- ANTIGO PRÉDIO DA DAC;10
PRG- REFORMA SAE- ANTIGO PRÉDIO DA DAC;11
PRG- REFORMA SAE- ANTIGO PRÉDIO DA DAC;11
PRG- REFORMA SAE- ANTIGO PRÉDIO DA DAC;11
PRG- REFORMA SANITÁRIOS CB II;11
PRG- REFORMA SANITÁRIOS CB II;11
PRG- REFORMA SANITÁRIOS CB II;11
PRG- REFORMA SANITÁRIOS CB II;11
PRG- REFORMA SANITÁRIOS CB II;11
PRG- REFORMA SANITÁRIOS CB II;11
PRG- REFORMA SANITÁRIOS DAC;10
PRG- REFORMA SANITÁRIOS DAC;11
PRG- REFORMA SANITÁRIOS DAC;11
PRG- REFORMA SANITÁRIOS DAC;11
PRG- REFORMA SANITÁRIOS DAC;11
PRG- REFORMA SANITÁRIOS SUBSOLO BÁSICO I;10
PRG- REFORMA SANITÁRIOS SUBSOLO BÁSICO I;10
PRG- REFORMA SANITÁRIOS SUBSOLO BÁSICO I;10
PRG- REFORMA SANITÁRIOS SUBSOLO BÁSICO I;10
PRG- REFORMA SANITÁRIOS SUBSOLO BÁSICO I;10
PRG- REFORMA SANITÁRIOS SUBSOLO BÁSICO I;10
PRG- REFORMA SANITÁRIOS SUBSOLO BÁSICO I;10
PRG- REFORMA SANITÁRIOS SUBSOLO BÁSICO I;10
PRG- REFORMA SANITÁRIOS SUBSOLO BÁSICO I;10
PRG- REFORMA SANITÁRIOS SUBSOLO BÁSICO I;10
PRG- REFORMA SANITÁRIOS SUBSOLO BÁSICO I;10
PRG- REFORMA SANITÁRIOS SUBSOLO BÁSICO I;10
PRG- REFORMA SANITÁRIOS SUBSOLO BÁSICO I;11
PRG- REFORMA SANITÁRIOS SUBSOLO BÁSICO I;11
PRG- REFORMA SANITÁRIOS SUBSOLO BÁSICO I;11
PRG- REFORMA SANITÁRIOS SUBSOLO BÁSICO I;11
PRG- REFORMA SANITÁRIOS SUBSOLO BÁSICO I;11
PRG- REFORMA SANITÁRIOS SUBSOLO BÁSICO I;11
PRG- REFORMA SANITÁRIOS SUBSOLO BÁSICO I;11
PRG- REFORMA SANITÁRIOS SUBSOLO BÁSICO I;11
PRG- REFORMA SANITÁRIOS SUBSOLO BÁSICO I;11
PRG- REFORMA SANITÁRIOS SUBSOLO BÁSICO I;11
PRG- REFORMA SANITÁRIOS SUBSOLO BÁSICO I;11
PRG- REFORMA SANITÁRIOS SUBSOLO BÁSICO I;11
PRG- REVITALIZAÇÃO PRAÇAS CICLO BÁSICO, RU E ADJACÊNCIAS;08
PRG- REVITALIZAÇÃO PRAÇAS CICLO BÁSICO, RU E ADJACÊNCIAS;08
PRG- REVITALIZAÇÃO PRAÇAS CICLO BÁSICO, RU E ADJACÊNCIAS;08
PRG- REVITALIZAÇÃO PRAÇAS CICLO BÁSICO, RU E ADJACÊNCIAS;08
PRG- REVITALIZAÇÃO PRAÇAS CICLO BÁSICO, RU E ADJACÊNCIAS;08
PRG- REVITALIZAÇÃO PRAÇAS CICLO BÁSICO, RU E ADJACÊNCIAS;08
PRG- REVITALIZAÇÃO PRAÇAS CICLO BÁSICO, RU E ADJACÊNCIAS;08
PRG- REVITALIZAÇÃO PRAÇAS CICLO BÁSICO, RU E ADJACÊNCIAS;08
PRG- REVITALIZAÇÃO PRAÇAS CICLO BÁSICO, RU E ADJACÊNCIAS;08
PRG- REVITALIZAÇÃO PRAÇAS CICLO BÁSICO, RU E ADJACÊNCIAS;08
PRG- REVITALIZAÇÃO PRAÇAS CICLO BÁSICO, RU E ADJACÊNCIAS;08
PRG- REVITALIZAÇÃO PRAÇAS CICLO BÁSICO, RU E ADJACÊNCIAS;08
PRG- REVITALIZAÇÃO PRAÇAS CICLO BÁSICO, RU E ADJACÊNCIAS;08
PRG- REVITALIZAÇÃO PRAÇAS CICLO BÁSICO, RU E ADJACÊNCIAS;08
PRG- REVITALIZAÇÃO PRAÇAS CICLO BÁSICO, RU E ADJACÊNCIAS;09
PRG- REVITALIZAÇÃO PRAÇAS CICLO BÁSICO, RU E ADJACÊNCIAS;09
PRG- REVITALIZAÇÃO PRAÇAS CICLO BÁSICO, RU E ADJACÊNCIAS;09
PRG- REVITALIZAÇÃO PRAÇAS CICLO BÁSICO, RU E ADJACÊNCIAS;09
PRG- REVITALIZAÇÃO PRAÇAS CICLO BÁSICO, RU E ADJACÊNCIAS;09
PRG- REVITALIZAÇÃO PRAÇAS CICLO BÁSICO, RU E ADJACÊNCIAS;09
PRG- REVITALIZAÇÃO PRAÇAS CICLO BÁSICO, RU E ADJACÊNCIAS;09
PRG- REVITALIZAÇÃO PRAÇAS CICLO BÁSICO, RU E ADJACÊNCIAS;09
PRG- REVITALIZAÇÃO PRAÇAS CICLO BÁSICO, RU E ADJACÊNCIAS;09
PRG- REVITALIZAÇÃO PRAÇAS CICLO BÁSICO, RU E ADJACÊNCIAS;09
PRG- REVITALIZAÇÃO PRAÇAS CICLO BÁSICO, RU E ADJACÊNCIAS;09
PRG- REVITALIZAÇÃO PRAÇAS CICLO BÁSICO, RU E ADJACÊNCIAS;09
PRG- REVITALIZAÇÃO PRAÇAS CICLO BÁSICO, RU E ADJACÊNCIAS;09
PRG- REVITALIZAÇÃO PRAÇAS CICLO BÁSICO, RU E ADJACÊNCIAS;09
PRG- REVITALIZAÇÃO PRAÇAS CICLO BÁSICO, RU E ADJACÊNCIAS;09
PRG- REVITALIZAÇÃO PRAÇAS CICLO BÁSICO, RU E ADJACÊNCIAS;09
PRG- REVITALIZAÇÃO PRAÇAS CICLO BÁSICO, RU E ADJACÊNCIAS;09
PRG- REVITALIZAÇÃO PRAÇAS CICLO BÁSICO, RU E ADJACÊNCIAS;09
PRG- REVITALIZAÇÃO PRAÇAS CICLO BÁSICO, RU E ADJACÊNCIAS;09
PRG- REVITALIZAÇÃO PRAÇAS CICLO BÁSICO, RU E ADJACÊNCIAS;09
PRG- REVITALIZAÇÃO PRAÇAS CICLO BÁSICO, RU E ADJACÊNCIAS;09
PRG- REVITALIZAÇÃO PRAÇAS CICLO BÁSICO, RU E ADJACÊNCIAS;09
PRG- REVITALIZAÇÃO PRAÇAS CICLO BÁSICO, RU E ADJACÊNCIAS;09
PRG- REVITALIZAÇÃO PRAÇAS CICLO BÁSICO, RU E ADJACÊNCIAS;09
PRG- REVITALIZAÇÃO PRAÇAS CICLO BÁSICO, RU E ADJACÊNCIAS;09
PRG- REVITALIZAÇÃO PRAÇAS CICLO BÁSICO, RU E ADJACÊNCIAS;09
PRG- REVITALIZAÇÃO PRAÇAS CICLO BÁSICO, RU E ADJACÊNCIAS;09
PRG- REVITALIZAÇÃO PRAÇAS CICLO BÁSICO, RU E ADJACÊNCIAS;10
PRG- REVITALIZAÇÃO PRAÇAS CICLO BÁSICO, RU E ADJACÊNCIAS;10
PRG- REVITALIZAÇÃO PRAÇAS CICLO BÁSICO, RU E ADJACÊNCIAS;10
PRG- REVITALIZAÇÃO PRAÇAS CICLO BÁSICO, RU E ADJACÊNCIAS;10
PRG- REVITALIZAÇÃO PRAÇAS CICLO BÁSICO, RU E ADJACÊNCIAS;10
PRG- REVITALIZAÇÃO PRAÇAS CICLO BÁSICO, RU E ADJACÊNCIAS;10
PRG- REVITALIZAÇÃO PRAÇAS CICLO BÁSICO, RU E ADJACÊNCIAS;10
PRG- REVITALIZAÇÃO PRAÇAS CICLO BÁSICO, RU E ADJACÊNCIAS;10
PRG- REVITALIZAÇÃO PRAÇAS CICLO BÁSICO, RU E ADJACÊNCIAS;10
PRG- REVITALIZAÇÃO PRAÇAS CICLO BÁSICO, RU E ADJACÊNCIAS;10
PRG- REVITALIZAÇÃO PRAÇAS CICLO BÁSICO, RU E ADJACÊNCIAS;10
PRG- REVITALIZAÇÃO PRAÇAS CICLO BÁSICO, RU E ADJACÊNCIAS;10
PRG- REVITALIZAÇÃO PRAÇAS CICLO BÁSICO, RU E ADJACÊNCIAS;10
PRG- REVITALIZAÇÃO PRAÇAS CICLO BÁSICO, RU E ADJACÊNCIAS;10
PRG- REVITALIZAÇÃO PRAÇAS CICLO BÁSICO, RU E ADJACÊNCIAS;10
PRG- REVITALIZAÇÃO PRAÇAS CICLO BÁSICO, RU E ADJACÊNCIAS;10
PRG- REVITALIZAÇÃO PRAÇAS CICLO BÁSICO, RU E ADJACÊNCIAS;10
PRG- REVITALIZAÇÃO PRAÇAS CICLO BÁSICO, RU E ADJACÊNCIAS;10
PRG- REVITALIZAÇÃO PRAÇAS CICLO BÁSICO, RU E ADJACÊNCIAS;10
PRG- REVITALIZAÇÃO PRAÇAS CICLO BÁSICO, RU E ADJACÊNCIAS;10
PRG- REVITALIZAÇÃO PRAÇAS CICLO BÁSICO, RU E ADJACÊNCIAS;10
PRG- REVITALIZAÇÃO PRAÇAS CICLO BÁSICO, RU E ADJACÊNCIAS;10
PRG- REVITALIZAÇÃO PRAÇAS CICLO BÁSICO, RU E ADJACÊNCIAS;10
PRG- REVITALIZAÇÃO PRAÇAS CICLO BÁSICO, RU E ADJACÊNCIAS;10
PRG- REVITALIZAÇÃO PRAÇAS CICLO BÁSICO, RU E ADJACÊNCIAS;10
PRG- REVITALIZAÇÃO PRAÇAS CICLO BÁSICO, RU E ADJACÊNCIAS;10
PRG- REVITALIZAÇÃO PRAÇAS CICLO BÁSICO, RU E ADJACÊNCIAS;10
PRG- REVITALIZAÇÃO PRAÇAS CICLO BÁSICO, RU E ADJACÊNCIAS;10
PRG- REVITALIZAÇÃO PRAÇAS CICLO BÁSICO, RU E ADJACÊNCIAS;10
PRG- REVITALIZAÇÃO PRAÇAS CICLO BÁSICO, RU E ADJACÊNCIAS;11
PRG- REVITALIZAÇÃO PRAÇAS CICLO BÁSICO, RU E ADJACÊNCIAS;11
PRG- REVITALIZAÇÃO PRAÇAS CICLO BÁSICO, RU E ADJACÊNCIAS;11
PRG- REVITALIZAÇÃO PRAÇAS CICLO BÁSICO, RU E ADJACÊNCIAS;11
PRG- REVITALIZAÇÃO PRAÇAS CICLO BÁSICO, RU E ADJACÊNCIAS;11
PRG- REVITALIZAÇÃO PRAÇAS CICLO BÁSICO, RU E ADJACÊNCIAS;11
PRG- REVITALIZAÇÃO PRAÇAS CICLO BÁSICO, RU E ADJACÊNCIAS;11
PRG- REVITALIZAÇÃO PRAÇAS CICLO BÁSICO, RU E ADJACÊNCIAS;11
PRG- REVITALIZAÇÃO PRAÇAS CICLO BÁSICO, RU E ADJACÊNCIAS;11
PRG- REVITALIZAÇÃO PRAÇAS CICLO BÁSICO, RU E ADJACÊNCIAS;11
PRG- REVITALIZAÇÃO PRAÇAS CICLO BÁSICO, RU E ADJACÊNCIAS;11
PRG- REVITALIZAÇÃO PRAÇAS CICLO BÁSICO, RU E ADJACÊNCIAS;11
PRG- REVITALIZAÇÃO PRAÇAS CICLO BÁSICO, RU E ADJACÊNCIAS;11
PRG- REVITALIZAÇÃO PRAÇAS CICLO BÁSICO, RU E ADJACÊNCIAS;11
PRG- REVITALIZAÇÃO PRAÇAS CICLO BÁSICO, RU E ADJACÊNCIAS;11
PRG- REVITALIZAÇÃO PRAÇAS CICLO BÁSICO, RU E ADJACÊNCIAS;11
PRP- BIOENERGIA;10
PRP- BIOENERGIA;10
PRP- BIOENERGIA;10
PRP- BIOENERGIA;10
PRP- BIOENERGIA;10
PRP- BIOENERGIA;10
PRP- BIOENERGIA;10
PRP- BIOENERGIA;10
PRP- BIOENERGIA;10
PRP- BIOENERGIA;10
PRP- BIOENERGIA;10
PRP- BIOENERGIA;10
PRP- BIOENERGIA;10
PRP- BIOENERGIA;10
PRP- BIOENERGIA;10
PRP- BIOENERGIA;10
PRP- BIOENERGIA;10
PRP- BIOENERGIA;10
PRP- BIOENERGIA;10
PRP- BIOENERGIA;10
PRP- BIOENERGIA;10
PRP- BIOENERGIA;10
PRP- BIOENERGIA;10
PRP- BIOENERGIA;10
PRP- BIOENERGIA;10
PRP- BIOENERGIA;10
PRP- BIOENERGIA;10
PRP- BIOENERGIA;10
PRP- BIOENERGIA;10
PRP- BIOENERGIA;11
PRP- BIOENERGIA;11
PRP- BIOENERGIA;11
PRP- BIOENERGIA;11
PRP- BIOENERGIA;11
PRP- BIOENERGIA;11
PRP- BIOENERGIA;11
PRP- BIOENERGIA;11
PRP- BIOENERGIA;11
PRP- BIOENERGIA;11
PRP- BIOENERGIA;11
PRP- BIOENERGIA;11
PRP- BIOENERGIA;11
PRP- BIOENERGIA;11
PRP- BIOENERGIA;11
PRP- BIOENERGIA;11
PRP- BIOENERGIA;11
PRP- BIOENERGIA;11
PRP- BIOENERGIA;11
PRP- BIOENERGIA;11
PRP- BIOENERGIA;11
PRP- BIOENERGIA;11
PRP- BIOENERGIA;11
PRP- BIOENERGIA;11
PRP- BIOENERGIA;11
PRP- BIOENERGIA;11
PRP- BIOENERGIA;11
PRP- BIOENERGIA;11
PRP- PRÉDIO CORE FACILITY;09
PRP- PRÉDIO CORE FACILITY;09
PRP- PRÉDIO CORE FACILITY;09
PRP- PRÉDIO CORE FACILITY;09
PRP- PRÉDIO CORE FACILITY;09
PRP- PRÉDIO CORE FACILITY;09
PRP- PRÉDIO CORE FACILITY;09
PRP- PRÉDIO CORE FACILITY;09
PRP- PRÉDIO CORE FACILITY;09
PRP- PRÉDIO CORE FACILITY;09
PRP- PRÉDIO CORE FACILITY;09
PRP- PRÉDIO CORE FACILITY;09
PRP- PRÉDIO CORE FACILITY;09
PRP- PRÉDIO CORE FACILITY;09
PRP- PRÉDIO CORE FACILITY;09
PRP- PRÉDIO CORE FACILITY;09
PRP- PRÉDIO CORE FACILITY;09
PRP- PRÉDIO CORE FACILITY;09
PRP- PRÉDIO CORE FACILITY;10
PRP- PRÉDIO CORE FACILITY;10
PRP- PRÉDIO CORE FACILITY;10
PRP- PRÉDIO CORE FACILITY;10
PRP- PRÉDIO CORE FACILITY;10
PRP- PRÉDIO CORE FACILITY;10
PRP- PRÉDIO CORE FACILITY;10
PRP- PRÉDIO CORE FACILITY;10
PRP- PRÉDIO CORE FACILITY;10
PRP- PRÉDIO CORE FACILITY;10
PRP- PRÉDIO CORE FACILITY;10
PRP- PRÉDIO CORE FACILITY;10
PRP- PRÉDIO CORE FACILITY;10
PRP- PRÉDIO CORE FACILITY;10
PRP- PRÉDIO CORE FACILITY;10
PRP- PRÉDIO CORE FACILITY;10
PRP- PRÉDIO CORE FACILITY;10
PRP- PRÉDIO CORE FACILITY;10
PRP- PRÉDIO CORE FACILITY;10
PRP- PRÉDIO CORE FACILITY;10
PRP- PRÉDIO CORE FACILITY;10
PRP- PRÉDIO CORE FACILITY;10
PRP- PRÉDIO CORE FACILITY;10
PRP- PRÉDIO CORE FACILITY;10
PRP- PRÉDIO CORE FACILITY;10
PRP- PRÉDIO CORE FACILITY;10
PRP- PRÉDIO CORE FACILITY;10
PRP- PRÉDIO CORE FACILITY;10
PRP- PRÉDIO CORE FACILITY;10
PRP- PRÉDIO CORE FACILITY;10
PRP- PRÉDIO CORE FACILITY;10
PRP- PRÉDIO CORE FACILITY;10
PRP- PRÉDIO CORE FACILITY;10
PRP- PRÉDIO CORE FACILITY;10
PRP- PRÉDIO CORE FACILITY;10
PRP- PRÉDIO CORE FACILITY;10
PRP- PRÉDIO CORE FACILITY;10
PRP- PRÉDIO CORE FACILITY;10
PRP- PRÉDIO CORE FACILITY;11
PRP- PRÉDIO CORE FACILITY;11
PRP- PRÉDIO CORE FACILITY;11
PRP- PRÉDIO CORE FACILITY;11
PRP- PRÉDIO CORE FACILITY;11
PRP- PRÉDIO CORE FACILITY;11
PRP- PRÉDIO CORE FACILITY;11
PRP- PRÉDIO CORE FACILITY;11
PRP- PRÉDIO CORE FACILITY;11
PRP- PRÉDIO CORE FACILITY;11
PRP- PRÉDIO CORE FACILITY;11
PRP- PRÉDIO CORE FACILITY;11
PRP- PRÉDIO CORE FACILITY;11
PRP- PRÉDIO CORE FACILITY;11
REITORIA- ACESSIBILIDADE BLOCOS MODULADOS;11
REITORIA- CEAV/CORI;10
REITORIA- CEAV/CORI;10
REITORIA- CEAV/CORI;10
REITORIA- CEAV/CORI;11
REITORIA- CEAV/CORI;11
REITORIA- CEAV/CORI;11
REITORIA- CEAV/CORI;11
REITORIA- CEAV/CORI;11
REITORIA- CEAV/CORI;11
REITORIA- CEAV/CORI;11
REITORIA- CEAV/CORI;11
REITORIA- CEAV/CORI;11
REITORIA- CEAV/CORI;11
REITORIA- CEAV/CORI;11
REITORIA- CEAV/CORI;11
REITORIA- CEAV/CORI;11
REITORIA- CEAV/CORI;11
REITORIA- CEAV/CORI;11
REITORIA- CEAV/CORI;11
REITORIA- CEAV/CORI;11
REITORIA- CEAV/CORI;11
REITORIA- CEAV/CORI;11
REITORIA- CENTRO DE CONVENÇÕES;11
REITORIA- CENTRO DE CONVENÇÕES;11
REITORIA- CENTRO DE CONVENÇÕES;11
REITORIA- CONJ. LABS APOIO PESQUISA E PÓS GRAD.;11
REITORIA- CONJ. LABS APOIO PESQUISA E PÓS GRAD.;11
REITORIA- CONJ. LABS APOIO PESQUISA E PÓS GRAD.;11
REITORIA- CONJ. LABS APOIO PESQUISA E PÓS GRAD.;11
REITORIA- ENTREPOSTO DE RESÍDUOS;08
REITORIA- ENTREPOSTO DE RESÍDUOS;08
REITORIA- ENTREPOSTO DE RESÍDUOS;08
REITORIA- ENTREPOSTO DE RESÍDUOS;08
REITORIA- ENTREPOSTO DE RESÍDUOS;08
REITORIA- ENTREPOSTO DE RESÍDUOS;08
REITORIA- ENTREPOSTO DE RESÍDUOS;08
REITORIA- ENTREPOSTO DE RESÍDUOS;09
REITORIA- ENTREPOSTO DE RESÍDUOS;10
REITORIA- ENTREPOSTO DE RESÍDUOS;10
REITORIA- ENTREPOSTO DE RESÍDUOS;10
REITORIA- ENTREPOSTO DE RESÍDUOS;10
REITORIA- ENTREPOSTO DE RESÍDUOS;10
REITORIA- ENTREPOSTO DE RESÍDUOS;10
REITORIA- ENTREPOSTO DE RESÍDUOS;11
REITORIA- ENTREPOSTO DE RESÍDUOS;11
REITORIA- ENTREPOSTO DE RESÍDUOS;11
REITORIA- JARDIM BOTÂNICO;08
REITORIA- JARDIM BOTÂNICO;08
REITORIA- JARDIM BOTÂNICO;08
REITORIA- JARDIM BOTÂNICO;08
REITORIA- JARDIM BOTÂNICO;08
REITORIA- JARDIM BOTÂNICO;08
REITORIA- JARDIM BOTÂNICO;08
REITORIA- JARDIM BOTÂNICO;09
REITORIA- JARDIM BOTÂNICO;10
REITORIA- MUSEU DE ARTE DA UNICAMP;10
REITORIA- MUSEU DE ARTE DA UNICAMP;11
REITORIA- MUSEU DE ARTE DA UNICAMP;11
REITORIA- MUSEU DE ARTE DA UNICAMP;11
REITORIA- MUSEU DE ARTE DA UNICAMP;11
REITORIA- MUSEU DE ARTE DA UNICAMP;11
REITORIA- MUSEU DE ARTE DA UNICAMP;11
REITORIA- MUSEU DE ARTE DA UNICAMP;11
REITORIA- MUSEU DE ARTE DA UNICAMP;11
REITORIA- MUSEU DE ARTE DA UNICAMP;11
REITORIA- MUSEU DE ARTE DA UNICAMP;11
REITORIA- MUSEU DE ARTE DA UNICAMP;11
REITORIA- MUSEU DE ARTE DA UNICAMP;11
REITORIA- MUSEU DE CIÊNCIAS;10
REITORIA- MUSEU DE CIÊNCIAS;10
REITORIA- MUSEU DE CIÊNCIAS;10
REITORIA- MUSEU DE CIÊNCIAS;10
REITORIA- MUSEU DE CIÊNCIAS;10
REITORIA- MUSEU DE CIÊNCIAS;10
REITORIA- MUSEU DE CIÊNCIAS;10
REITORIA- MUSEU DE CIÊNCIAS;10
REITORIA- MUSEU DE CIÊNCIAS;10
REITORIA- MUSEU DE CIÊNCIAS;11
REITORIA- MUSEU DE CIÊNCIAS;11
REITORIA- MUSEU DE CIÊNCIAS;11
REITORIA- MUSEU DE CIÊNCIAS;11
REITORIA- MUSEU DE CIÊNCIAS;11
REITORIA- MUSEU DE CIÊNCIAS;11
REITORIA- MUSEU DE CIÊNCIAS;11
REITORIA- MUSEU DE CIÊNCIAS;11
REITORIA- MUSEU DE CIÊNCIAS;11
REITORIA- REFORMA ÁREA PARA ASSESSORES NO PRÉDIO DA PG;09
REITORIA- REFORMA SANITÁRIO PAV TÉRREO PRÉDIO REITORIA;09
REITORIA- REFORMA SANITÁRIO PAV TÉRREO PRÉDIO REITORIA;09
REITORIA- REFORMA SANITÁRIO PAV TÉRREO PRÉDIO REITORIA;10
REITORIA- REFORMA SANITÁRIO PAV TÉRREO PRÉDIO REITORIA;10
REITORIA- REQUALIFICAÇÃO PRAÇA DAS BANDEIRAS E ENTORNO;10
REITORIA- REQUALIFICAÇÃO PRAÇA DAS BANDEIRAS E ENTORNO;10
REITORIA- REQUALIFICAÇÃO PRAÇA DAS BANDEIRAS E ENTORNO;10
REITORIA- REQUALIFICAÇÃO PRAÇA DAS BANDEIRAS E ENTORNO;10
REITORIA- REQUALIFICAÇÃO PRAÇA DAS BANDEIRAS E ENTORNO;10
REITORIA- REQUALIFICAÇÃO PRAÇA DAS BANDEIRAS E ENTORNO;11
REITORIA- REQUALIFICAÇÃO PRAÇA DAS BANDEIRAS E ENTORNO;11
REITORIA- REQUALIFICAÇÃO PRAÇA DAS BANDEIRAS E ENTORNO;11
REITORIA- REQUALIFICAÇÃO PRAÇA DAS BANDEIRAS E ENTORNO;11
REITORIA- REQUALIFICAÇÃO PRAÇA DAS BANDEIRAS E ENTORNO;11
REITORIA- REQUALIFICAÇÃO PRAÇA DAS BANDEIRAS E ENTORNO;11
REITORIA- REQUALIFICAÇÃO PRAÇA DAS BANDEIRAS E ENTORNO;11
REITORIA- REQUALIFICAÇÃO PRAÇA DAS BANDEIRAS E ENTORNO;11
REITORIA- REQUALIFICAÇÃO PRAÇA DAS BANDEIRAS E ENTORNO;11
REITORIA- REQUALIFICAÇÃO PRAÇA DAS BANDEIRAS E ENTORNO;11
REITORIA- REQUALIFICAÇÃO PRAÇA DAS BANDEIRAS E ENTORNO;11
REITORIA- REQUALIFICAÇÃO PRAÇA DAS BANDEIRAS E ENTORNO;11
REITORIA- REQUALIFICAÇÃO PRAÇA DAS BANDEIRAS E ENTORNO;11
REITORIA- SPDA PARA O MUSEU DE CIÊNCIAS;08
REITORIA- SPDA PARA O MUSEU DE CIÊNCIAS;10
SG- REFORMA SECRETARIA GERAL;09
SIARQ- NOVA SEDE;09
SIARQ- NOVA SEDE;09
SIARQ- NOVA SEDE;09
SIARQ- NOVA SEDE;09
SIARQ- NOVA SEDE;09
SIARQ- NOVA SEDE;09
SIARQ- NOVA SEDE;09
SIARQ- NOVA SEDE;09
SIARQ- NOVA SEDE;09
SIARQ- NOVA SEDE;10
SIARQ- NOVA SEDE;10
SIARQ- NOVA SEDE;10
SIARQ- NOVA SEDE;10
SIARQ- NOVA SEDE;10
SIARQ- NOVA SEDE;10
SIARQ- NOVA SEDE;10
SIARQ- NOVA SEDE;10
SIARQ- NOVA SEDE;10
SIARQ- NOVA SEDE;10
SIARQ- NOVA SEDE;10
SIARQ- NOVA SEDE;10
SIARQ- NOVA SEDE;10
SIARQ- NOVA SEDE;10
SIARQ- NOVA SEDE;10
SIARQ- NOVA SEDE;10
SIARQ- NOVA SEDE;10
SIARQ- NOVA SEDE;10
SIARQ- NOVA SEDE;10
SIARQ- NOVA SEDE;10
SIARQ- NOVA SEDE;10
SIARQ- NOVA SEDE;10
SIARQ- NOVA SEDE;10
SIARQ- NOVA SEDE;10
SIARQ- NOVA SEDE;10
SIARQ- NOVA SEDE;10
SIARQ- NOVA SEDE;10
SIARQ- NOVA SEDE;10
SIARQ- NOVA SEDE;10
SIARQ- NOVA SEDE;10
SIARQ- NOVA SEDE;10
SIARQ- NOVA SEDE;10
SIARQ- NOVA SEDE;10
SIARQ- NOVA SEDE;10
SIARQ- NOVA SEDE;11
SIARQ- NOVA SEDE;11
SIARQ- NOVA SEDE;11
SIARQ- NOVA SEDE;11
SIARQ- NOVA SEDE;11
SIARQ- NOVA SEDE;11
SIARQ- NOVA SEDE;11
SIARQ- NOVA SEDE;11
SIARQ- NOVA SEDE;11
STU- NOVA SEDE;08
STU- NOVA SEDE;08
STU- NOVA SEDE;10
STU- NOVA SEDE;11
STU- NOVA SEDE;11
STU- NOVA SEDE;11
;11
;11
;11
;11
;
;
;
;
;
;
;
;
;11
;
